Accuracy: 0.7792207792207793
Recall: 0.6785714285714286
Precision: 0.7037037037037037
F1: 0.6909090909090909

AUC: 0.7618518518518519

