Accuracy: 0.9824561403508771
Recall: 0.9565217391304348
Precision: 1.0
F1: 0.9777777777777777

AUC: 1.0

