Accuracy: 0.62
Recall: 0.35714285714285715
Precision: 0.3333333333333333
F1: 0.3448275862068966

AUC: 0.5380952380952381

