Accuracy: 0.76
Recall: 0.625
Precision: 0.5
F1: 0.5555555555555556

AUC: 0.6857142857142857

