Accuracy: 0.67
Recall: 0.45714285714285713
Precision: 0.5333333333333333
F1: 0.49230769230769234

AUC: 0.6309523809523809

