Accuracy: 0.65
Recall: 0.41379310344827586
Precision: 0.4
F1: 0.4067796610169492

AUC: 0.5785714285714285

