Accuracy: 0.69
Recall: 0.48
Precision: 0.4
F1: 0.43636363636363634

AUC: 0.6071428571428571

