Accuracy: 0.73
Recall: 0.5428571428571428
Precision: 0.6333333333333333
F1: 0.5846153846153846

AUC: 0.7023809523809523

