Accuracy: 0.68
Recall: 0.4666666666666667
Precision: 0.4666666666666667
F1: 0.4666666666666667

AUC: 0.6190476190476192

