============== Classifiers Parameters ==============
[{'cost': np.float64(551.9278899208158), 'gamma': np.float64(52.57047964547143)}, {'cost': np.float64(779.3387068272027), 'gamma': np.float64(139.16133539702676)}, {'cost': np.float64(133.05446924591644), 'gamma': np.float64(198.3296139511904)}]

Optimal clusterer: agglomerative_clustering

External clustering metrics:
adjusted_rand_score: 0.0035820008964435788
normalized_mutual_info_score: 0.007178757329610242
v_measure_score: 0.007178757329610241
fowlkes_mallows_score: 0.36285479331071363

Internal clustering metrics:
silhouette: 0.2739097684755872
davies_bouldin: 1.0844060875292039
calinski_harabasz_score: 958.7479853227046

Base classifier: svm
========== Cluster 0 ==========

Labels: [2 0 0 2 0 1 2 1 2 0 2 0 2 2 2 2 2 2 0 0 0 0 1 2 0 1 0 1 1 1 0 0 0 1 1 2 1
 0 1 1 0 0 2 2 0 0 1 2 0 0 1 2 1 0 0 2 0 2 2 2 0 0 1 0 2 1 2 0 0 2 0 0 2 0
 0 1 0 0 1 0 2 2 2 2 1 1 1 1 0 2 0 0 2 0 2 1 0 2 2 2 2 2 2 2 1 2 1 1 1 2 0
 2 2 0 1 2 2 1 2 1 2 2 1 0 2 1 1 0 1 2 0 1 0 2 1 1 0 2 2 0 1 1 2 2 2 1 1 0
 2 1 1 2 2 1 2 2 1 2 1 2 2 1 2 1 2 2 2 2 1 2 0 1 0 0 0 0 1 0 1 1 0 0 0 1 0
 0 1 2 2 2 2 2 0 0 2 0 1 2 2 1 2 1 1 1 0 1 2 2 0 1 0 0 2 2 0 2 2 1 1 1 0 0
 0 0 1 0 2 1 2 1 2 1 1 0 2 2 2 1 0 1 1 0 1 0 2 0 0 1 2 2 0 0 1 0 0 1 1 1 0
 0 0 1 0 2 2 2 0 2 0 1 1 0 0 0 0 2 1 2 1 1 1 2 0 0 2 0 2 2 2 0 0 0 1 2 2 2
 0 2 1 2 2 1 1 2 1 0 1 2 2 1 0 2 2 0 2 0 1 1 2 1 0 1 0 0 1 1 0 2 2 1 2 2 0
 0 2 1 0 2 2 2 0 2 0 2 1 2 1 0 2 0 1 2 1 0 0 1 1 1 0 1 1 0 1 0 1 0 1 0 2 2
 0 1 1 1 2 0 0 1 0 0 2 0 1 1 0 2 0 1 2 2 0 2 2 1 0 0 1 1 0 0 1 1 2 0 1 2 0
 0 2 1 1 0 0 0 1 2 0 2 0 2 2 1 1 2 2 1 2 0 1 1 1 0 1 1 1 2 1 1 2 0 1 2 0 0
 1 0 1 0 0 1 1 0 1 1 2 0 1 2 0 1 0 2 2 0 2 2 2 0 2 1 2 2 1 2 1 0 0 2 0 0 1
 0 1 2 2 2 2 1 0 2 0 2 1 2 0 1 2 2 0 2 2 2 0 0 0 1 2 1 0 0 2 0 2 0 0 2 2 2
 2 2 2 0 2 1 2 0 1 1 2 1 2 2 2 2 1 1 1 2 1 2 1 2 1 0 1 1 1 1 1 0 1 0 1 2 1
 1 0 0 2 2 0 1 2 2 0 2 0 1 0 1 1 0 0 0 1 1 2 0 1 2 2 2 1 0 0 0 2 1 2 1 1 1
 0 1 0 0 2 0 1 2 0 2 1 2 2 2 2 0 0 2 2 1 2 2]

========== Cluster 1 ==========

Labels: [2 1 1 2 1 0 2 2 0 2 1 2 2 0 0 2 0 1 2 2 1 1 1 0 2 2 0 0 1 1 2 0 1 0 1 1 2
 0 0 1 2 0 0 2 0 0 0 0 2 2 0 2 1 0 0 2 0 2 0 1 1 2 0 1 2 1 2 2 0 0 0 2 1 2
 0 2 0 0 0 1 2 1 0 1 0 2 0 1 0 2 2 1 1 0 0 0 0 1 2 2 0 2 2 2 1 1 0 2 1 0 2
 0 0 0 0 2 2 1 0 2 0 1 0 2 2 1 2 0 2 0 1 1 1 0 2 2 1 1 2 0 0 2 1 1 2 0 0 1
 0 0 2 0 1 1 1 0 1 1 1 0 0 2 2 2 0 2 0 2 1 1 1 1 0 0 1 0 1 1 0 1 1 0 1 1 0
 0 0 1 1 0 1 1 1 1 1 1 2 2 2 2 2 2 2 1 1 0 1 2 0 0 1 2 1 2 0 0 1 0 1 1 1 0
 0 0 0 1 1 0 0 1 2 2 0 1 1 0 1 1 2 0 0 1 2 2 1 0 2 0 0 0 0 0 1 0 2 2 2 2 0
 0 2 0 1 0 0 0 0 1 2 1 1 2 1 1 1 2 0 2 0 1 1 0 0 0 0 1 0 2 1 1 1 1 2 1 2 0
 1 1 0 2 2 2 0 0 1 2 2 0 2 0 2 0 1 1 1 2 2 0 0 0 1 0 0 1 1 0 1 0 0 0 1 0 0
 2 0 0 0 0 0 2 0 0 1 2 2 1 0 0 2 2 0 0 1 2 2 0 1 2 2 0 0 0 0 0 2 2 0 1 1 1
 2 0 1 2 2 1 2 1 2 2 2 2 1 2 0 0 0 0 0 2 0 1 1 1 1 2 1 0 1 0 1 0 2 2 2 0 2
 2 0 2 2 0 0 1 2 1 0 2 1 0 1 1 1 2 1 2 1 0 0 1 2 0 0 1 2 0 0 2 2 1 2 1 2 1
 1 0 0 2 0 2 0 2 0 1 0 2 2 1 1 0 2 0 1 1 0 2 0 0 1 0 2 0 0 0 1 2 2 2 2 1 2
 1 2 2 2 2 0 0 2 1 2 0 1 0 2 2 2 1 1 2 0 0 0 0 0 1 2 2 1 0 2 0 1 2 2 2 1 0
 0 0 2 2 2 2 2 0 0 1 1 0 1 0 1 2 1 1 0 1 2 1 0 2 1 0 2 0 0 2]

========== Cluster 2 ==========

Labels: [0 2 2 2 2 0 1 1 0 0 0 1 0 1 2 1 1 2 0 2 1 2 2 1 2 1 1 1 1 1 0 0 0 1 0 2 1
 2 1 1 1 2 2 2 2 1 2 0 2 2 1 1 1 2 0 2 1 2 0 0 2 1 0 1 1 1 1 2 2 1 1 1 0 2
 2 1 1 2 1 1 0 0 2 1 2 0 1 1 2 1 1 0 2 2 0 1 1 1 0 1 0 1 2 0 2 1 0 2 1 0 2
 1 1 0 0 0 1 1 1 2 1 1 0 0 1 1 1 1 2 2 1 1 2 2 0 0 1 2 2 0 1 1 1 1 1 0 1 2
 2 2 1 2 0 2 2 1 1 2 1 0 2 1 1 0 2 0 1 1 1 1 2 1 1 1 1 0 2 1 0 1 1 2 1 0 2
 0 1 2]

