============== Classifiers Parameters ==============
[{'cost': np.float64(198.72261871274358), 'gamma': np.float64(91.61920211664437)}, {'cost': np.float64(471.98324830541713), 'gamma': np.float64(103.71238742642572)}]

Optimal clusterer: agglomerative_clustering

External clustering metrics:
adjusted_rand_score: 0.0018812754214048255
normalized_mutual_info_score: 0.004056780342449253
v_measure_score: 0.004056780342449254
fowlkes_mallows_score: 0.35176949398214685

Internal clustering metrics:
silhouette: 0.2673119365649229
davies_bouldin: 1.1949963384461146
calinski_harabasz_score: 987.9900875168491

Base classifier: svm
========== Cluster 0 ==========

Labels: [2 0 0 1 2 0 1 2 1 2 0 2 0 2 2 2 2 2 2 2 1 0 0 0 0 0 2 1 0 1 1 0 1 1 1 0 0
 0 0 1 1 0 1 2 1 0 1 1 1 1 1 2 0 0 2 2 0 0 1 2 0 2 0 1 0 2 1 0 0 0 0 2 2 0
 0 2 2 2 0 0 0 1 0 2 0 1 2 1 2 0 0 0 2 0 0 2 1 0 0 1 0 0 0 0 1 0 2 2 2 2 1
 1 1 0 1 1 0 2 0 2 0 2 0 2 1 0 0 0 2 2 2 2 2 2 2 2 1 2 1 1 1 2 0 2 1 0 2 0
 1 2 2 0 2 1 2 1 2 0 2 1 0 2 2 1 1 2 0 1 2 0 1 0 0 2 1 1 1 1 1 0 2 2 1 0 1
 1 1 2 2 2 1 0 1 0 2 1 1 1 1 2 2 0 1 2 2 1 2 1 2 2 2 1 2 2 1 2 1 2 1 2 2 1
 2 0 1 0 0 0 2 0 0 0 1 2 0 1 1 2 0 2 0 0 0 1 0 1 2 0 0 2 2 2 0 0 0 0 1 2 1
 2 0 1 1 2 2 2 1 2 1 0 0 1 0 2 0 0 2 2 2 2 2 1 1 1 1 1 0 1 2 0 2 1 0 2 2 0
 2 0 1 1 0 0 1 0 2 0 1 1 1 2 0 0 0 2 2 1 2 0 2 0 0 1 0 0 1 1 2 1 2 2 0 0 0
 2 2 0 1 2 2 1 2 2 1 1 1 0 1 2 2 0 1 0 0 1 2 2 0 2 2 1 1 1 0 0 0 0 1 0 1 1
 2 1 2 1 2 1 1 0 2 2 2 1 1 0 1 1 0 1 0 2 0 0 0 1 2 2 0 0 1 0 0 1 1 1 1 0 0
 0 1 0 0 2 0 2 2 0 2 0 1 1 0 0 0 0 1 1 1 2 1 2 0 1 2 1 1 0 1 2 0 0 0 2 0 2
 2 0 0 0 1 2 2 2 2 0 2 1 2 2 1 1 2 1 2 0 1 1 1 0 2 0 2 1 0 2 2 0 2 0 0 1 1
 1 2 1 1 0 1 0 0 1 1 0 1 2 2 1 2 0 0 2 1 0 2 2 0 2 0 2 0 2 1 2 1 0 2 0 1 2
 1 0 0 1 1 1 1 0 1 1 0 1 0 1 0 1 0 2 2 0 1 1 1 2 0 0 1 0 0 2 0 1 1 0 2 0 1
 2 2 0 0 2 1 0 0 1 0 1 1 0 0 1 1 2 0 1 2 1 0 0 2 1 1 0 0 0 2 1 2 1 0 0 2 0
 2 0 2 1 1 2 2 1 1 2 0 1 1 1 2 1 0 0 1 1 1 2 1 1 2 2 0 0 1 2 0 0 2 1 0 1 0
 0 0 1 0 1 0 1 1 1 2 0 1 1 2 2 2 2 2 2 2 2 2 2 2 2 2 2 2 2 2 0 1 2 1 0 1 1
 1 1 1 1 0 1 0 1 2 1 1 0 0 2 0 2 1 2 2 1 0 2 2 0 0 1 0 1 1 0 0 2 0 1 2 1 2
 2 2 2 0 1 2 0 2 2 1 0 0 0 2 0 1 2 1 2 1 1 1 1 0 1 0 0 2 0 1 2 0 2 1 2 0 2
 2 2 0 0 2 2 1 2 2]

========== Cluster 1 ==========

Labels: [2 0 1 2 2 1 0 2 2 0 2 2 2 2 0 2 2 0 0 1 1 2 2 1 1 0 0 1 0 0 2 2 1 1 0 2 0
 1 0 0 2 0 1 2 0 0 1 0 1 2 2 2 1 0 0 2 1 2 0 2 0 1 1 2 2 1 2 2 0 0 2 2 2 1
 2 1 2 0 1 1 0 1 1 2 1 0 1 0 0 1 0 0 2 0 1 2 0 1 1 0 2 0 1 2 1 0 2 2 2 2 1
 1 1 2 1 1 0 0 0 2 2 2 2 2 1 0 0 2 1 0 2 1 2 1 2 0 2 2 0 2 1 1 0 2 1 2 2 0
 0 1 2 1 2 0 0 1 0 2 0 1 1 0 1 2 1 0 2 0 2 2 2 0 1 0 2 0 1 0 1 0 2 2 1 1 1
 2 0 1 1 0 1 1 1 1 0 0 1 2 2 0 2 1 2 1 1 1 1 0 1 1 0 2 0 0 0 1 1 0 1 1 1 0
 2 0 1 2 2 1 2 2 2 1 0 0 2 1 2 2 0 0 0 2 2 1 1 2 2 1 2 1 0 0 2 1 2 2 0 0 1
 1 1 1 0 2 1 0 1 1 2 1 1 0 1 2 0 1 1 2 1 0 1 1 1 2 0 1 1 0 0 1 1 0 1 2 2 1
 2 1 2 1 0 0 2 0 1 1 1 1 0 0 0 0 0 0 1 2 2 1 0 1 0 0 1 1 2 0 1 2 2 1 0 0 2
 0 2 0 1 0 0 0 0 2 2 2 2 2 0 0 2 0 1 0 0 1 0 1 2 1 2 1 1 1 2 0 2 2 0 1 1 0
 2 0 2 0 1 1 0 1 1 0 1 1 1 1 0 1 1 2 0 2 2 2 0 1 2 2 1 0 2 0 2 2 0 1 2 2 2
 0 0 0 1 0 0 2 2 0 1 1 0 1 1 0 0 1 0 0 2 0 0 0 0 0 0 2 1 2 0 0 1 2 1 2 0 0
 0 2 0 2 0 0 1 2 2 0 1 2 0 1 2 0 1 0 0 0 1 0 2 2 2 1 2 1 1 1 2 1 2 2 0 0 1
 2 1 2 2 2 1 2 1 0 0 0 1 2 2 2 0 1 1 1 1 2 2 0 1 0 1 1 0 1 0 2 2 2 2 2 2 0
 0 1 1 2 1 1 1 2 0 2 1 1 1 1 2 2 2 2 2 2 2 2 2 0 2 1 1 2 0 1 0 2 2 2 1 2 0
 2 0 0 0 0 1 2 0 0 2 1 2 2 1 0 1 0 0 0 1 2 0 1 2 1 1 0 1 0 1 1 2 1 0 2 1 0
 2 1 0 1 2 0 0 2 2]

