============== Classifiers Parameters ==============
[{'cost': np.float64(344.4610700491311), 'gamma': np.float64(5.564746798046542)}, {'cost': np.float64(190.91213469118077), 'gamma': np.float64(128.5119757777789)}, {'cost': np.float64(606.4272458882336), 'gamma': np.float64(394.13165378209567)}, {'cost': np.float64(779.356042860403), 'gamma': np.float64(20.9054999317249)}]

Optimal clusterer: agglomerative_clustering

External clustering metrics:
adjusted_rand_score: 0.0037837390405661754
normalized_mutual_info_score: 0.004233871147846243
v_measure_score: 0.004233871147846243
fowlkes_mallows_score: 0.35598224611062235

Internal clustering metrics:
silhouette: 0.28340027943652224
davies_bouldin: 1.1087122853487414
calinski_harabasz_score: 1033.6073163614699

Base classifier: svm
========== Cluster 0 ==========

Labels: [0 0 2 0 2 2 2 0 0 0 0 2 0 0 2 0 0 0 0 2 0 2 2 2 2 1 2 1 0 1 1 0 2 2 2 0 2
 1 0 0 0 0 2 1 2 2 2 1 1 1 0 1 0 2 0 2 2 1 0 2 0 2 2 0 2 2 1 0 2 2 0 2 1 2
 0 1 2 0 2 0 1 1 2 1 1 0 1 1 1 0 1 2 2 2 0 1 0 2 1 1 1 1 2 1 0 1 2 2 1 2 2
 2 2 2 2 2 1 1 1 2 1 2 0 0 0 0 2 0 1 0 0 0 0 0 0 1 2 2 1 0 1 2 2 0 0 0 0 0
 1 2 1 2 0 1 1 2 2 1 2 1 0 0 2 2 0 2 2 2 2 2 2 1 1 1 1 2 0 2 2 1 2 0 2 0 2
 1 0 0 2 0 1 1 2 2 0 0 2 2 0 2 0 0 0 0 1 1 1 2 1 2 0 2 1 1 2 2 0 2 0 1 1 1
 2 2 0 1 1 2 2 2 2 1 1 0 0 0 0 0 1 0 1 1 0 2 2 0 2 2 1 1 0 1 0 1 0 2 0 1 2
 2 1 0 1 0 1 0 0 2 0 0 2 1 0 2 0 2 0 1 0 0 1 1 1 1 2 1 2 0 1 2 1 0 1 2 0 2
 2 2 2 0 1 0 2 2 2 2 1 2 1 2 1 2 0 1 1 1 0 2 2 2 0 2 1 0 1 2 2 0 2 2 0 2 0
 0 1 1 0 1 0 2 0 1 2 2 0 2 1 2 1 0 1 2 2 0 2 2 2 2 0 1 1 2 1 0 0 1 1 1 0 1
 2 2 2 0 1 1 2 0 1 0 0 2 0 1 0 2 2 0 0 2 2 1 0 0 1 0 1 1 0 1 2 0 2 1 0 2 1
 1 0 2 0 2 2 1 0 0 0 0 2 0 1 2 2 1 1 0 1 1 2 0 0 0 1 1 2 1 2 2 0 2 1 0 0 0
 2 1 0 0 0 0 1 1 1 1 0 2 0 0 1 1 2 1 2 0 1 2 0 0 2 0 0 2 0 2 1 1 2 2 1 2 0
 0 0 2 0 0 1 2 1 1 2 0 2 1 2 1 0 1 2 0 2 0 2 0 0 2 2 1 2 1 0 2 0 0 1 2 0 0
 2 0 0 0 0 2 0 1 2 2 0 0 1 2 2 0 2 2 1 2 1 2 2 2 2 1 1 1 2 2 1 2 1 2 0 2 1
 0 1 1 1 2 2 1 1 1 0 1 1 0 0 2 2 0 0 2 2 1 2 1 0 2 0 0 0 1 2 0 2 1 2 1 2 2
 2 2 0 0 0 2 0 0 2 1 0 2 1 1 0 1 1 2 0 1 2 0 2 0 2 0 1 2 0 2 2 0 0 0 0 2 1
 2 2]

========== Cluster 1 ==========

Labels: [2 2 2 1 1 0 1 2 1 2 1 1 1 2 2 2 2 1 2 0 2 2 1 1 2 0 2 2 1 2 0 0 2 2 1 1 2
 1 1 2 0 1 1 0 2 2 2 1 2 0 0 0 1 1 0 1 2 2 0 1 1 1 2 1 0 2 1 1 1 0 2 2 1 2
 0 0 2 2 2 0 1 1 2 1 1 0 2 2 0 1 1 0 1 0 2 0 2 1 0 2 1 0 2 1 1 0 0 1 1 1 2
 2 1 2 1 1 1 1 2 2 1 1 2 2 0 2 2 0 1 1 1 1 1 0 1 2 2 2 2 0 2 2 1 2 1 0 1 1
 0 2 0 1 1 1 1 2 1 1 1 2 1 0 1 1 2 1 2 0 1]

========== Cluster 2 ==========

Labels: [0 0 0 0 2 1 0 2 0 2 2 2 2 2 1 2 2 2 1 1 1 1 0 1 2 0 1 2 1 2 2 0 1 1 2 2 1
 1 1 2 2 2 1 0 0 2 0 1 1 2 2 0 1 0 2 2 1 0 0 0 2 1 0 1 0 2 1 1 0 1 0 2 1 0
 1 1 2 0 0 2 0 1 2 1 0 0 0 0 1 2 1 1 2 1 1 2 1 0 2 0 2 2 0 0 0 1 1 1 0 1 2
 1 0 0 1 0 0 0 0 0 2 0 1 2 1 2 1 1 2 1 0 1 1 0 2 1 2 0 0 2 0 1 1 0 0 1 1 0
 1 0 1 0 1 0 1 0 0 1 0 2 1 0 1 1 0 0 1 2 2 1 2 1 1 1 1 1 0 2 0 1 1 1 0 2 0
 2 2 0 2 2 1 0 2 2 2 1 2 0 2 2 0 2 0 2 2 1 2 0 1 2 2 1 1 1 0 2 1 2 2 1 1 0
 0 2 1 2 2 1 0 1 2 1 1 1 0 1 2 2 2 2]

========== Cluster 3 ==========

Labels: [0 0 0 2 0 2 2 0 0 1 0 1 0 1 0 0 0 0 1 1 0 2 0 2 2 2 1 0 0 2 0 1 1 0 1 1 0
 2 2 0 0 2 2 0 1 0 2 0 1 1 0 1 0 0 0 1 0 2 1 1 1 0 1 1 0 1 1 1 0 2 2 1 1 1
 0 0 0 1 1 0 1 0 1 2 1 0 2 1 2 2 1 2 2 1 0 0 1 1 1 0 0 1 2 1 1 0 1 2 1 1 1
 0 1 2 1 2 1 0 0 0 1 1 1 1 0 0 0 0 1 2 1 0 1 0 1 1 0 1 0 0 1 0 0 0 0 2 2 2
 0 0 2 0 0 0 1 2 2 2 0 1 1 0 0 1 1 1 1 1 1 2 0 2 0 2 1 0 1 2 0 0 0 0 1 1 0
 0 0 0 0 2 0 0 0 0 0 0 2 2 0 0 2 0 2 0 0 1 2 0 1 2 2 0 0 0 0 2 1 1 1 2 2 0
 0 1 2 1 2 2 2 0 0 2 0 1 1 1 1 0 1 0 2 2 2 2 2 1 1 1 1 1 2 0 2 2 1 1 1 0 2
 1 0 0 2 1 2 1 2 0 1 1 2 0 2 0 2 2 1 1 2 1 2 0 2 0 0 1 2 0 0 0 0 1 0 0 2 1
 2 1 0 0 0 1 1 0 0 1 0 1 2 2]

