Accuracy: 0.8289473684210527
Recall: 0.8095238095238095
Precision: 0.6538461538461539
F1: 0.723404255319149

AUC: 0.8869230769230769

