Accuracy: 0.7532467532467533
Recall: 0.6666666666666666
Precision: 0.5925925925925926
F1: 0.6274509803921569

AUC: 0.794074074074074

