============== Classifiers Parameters ==============
[{'cost': 591.4867558303906, 'gamma': 917.9596424169971}, {'cost': 609.819912912918, 'gamma': 599.2430604745821}, {'cost': 707.8769849909037, 'gamma': 865.7501488157501}, {'cost': 812.867136033731, 'gamma': 744.4767534855449}, {'cost': 350.27813885794785, 'gamma': 9.629921155005718}, {'cost': 659.3658239715812, 'gamma': 224.9523916950119}, {'cost': 891.8244845045915, 'gamma': 461.4851838306858}, {'cost': 498.79197048893116, 'gamma': 612.9542312894748}, {'cost': 773.4762230379685, 'gamma': 694.5648806763244}, {'cost': 811.850997095555, 'gamma': 810.0771103272588}]

Optimal clusterer: kmeans

External clustering metrics:
adjusted_rand_score: 0.006338270635003839
normalized_mutual_info_score: 0.030886663006784297
v_measure_score: 0.0308866630067843
fowlkes_mallows_score: 0.7493800271223536

Internal clustering metrics:
silhouette: 0.44910390275256074
davies_bouldin: 1.0321889206419677
calinski_harabasz_score: 113.54228041499972

Base classifier: svm
========== Cluster 0 ==========

Labels: [0 0 0 0 0 1 0 0 0 0 1 0 0 0 0 0 0 1 0 0 0 0 1 0 0 0 0 0 0 0 0 0 0 0 1 1 0
 0 0 0 1 0 0 0 0 0 0 0 0 0 0 0 0 0 0 1 0 0 0 1 0 0 0 1 0 0 0 1 0 0 0 0 0 0
 0 1 0 0 0 0 0 0 1 0 0 0 0 0 0 0 0 0 0 0 0 0 0 0 0 0 0 0 0 0 0 0 0 0 0 0 0
 0 0 0 0 0 0 0 0 0 0 0 0]

========== Cluster 1 ==========

Labels: [0 0 0 0 0 0 1 0 1 0 0 0 0 0 1 1 1 0 1 0 0 1 1 1 0 1 0 0 1 1 0 0 0 0 1 0 1
 0 0 0 0 0 1 1 1 0 0 0 0 0 0 0 1 0 1 1 0 0 1 1 0 0 0 1 0 0 1 0 0 0 1 0 0 0
 0 0 1 1 0 0 0 0 1 0 0 0 0 0 0 1 0 0 0 0 0 0 0 0 0 0 0 1 1 0 0 0 0 0 0 0 1
 0 0 0 0 1 0 0 0 1 1 1 0 0 0 1 0 0 0 0 0 0 0 1 0 0 0 0 0 0 1]

========== Cluster 2 ==========

Labels: [0 0 0 1 0 0 0 1 0 0 0 0 0 1 0 0 0 0 0 0 0 0 0 0 0 1 0 0 0 1 0 1 0 0 1 0 1
 0 1 1 0 0 0 1 0 0 0 0 0 1 0 0 0 1 0 0 0 1 1 0 0 0 1 0 0 0 0 1 1 0 0 0 0]

========== Cluster 3 ==========

Labels: [0 1 0 0 1 1 0 0 0 0 0 0 1 0 0 1 0 0 0 1 0 0 0 1 0 1 1 0 1 0 0 0 0 1 0 1 1
 0 1 1 0 0 0 0 0 1 1 0 0 0 1 0 0 0 0 0 1 1 1 0 0 1 1 1 1 0 1 1 0 1 0 1 1 1
 0 0 0 1 0 1 0 1 0 0 0 0 0 0 0 1 0 1 1 0 0 0 1 0 0 0 1 0 0 0 1 0 0 0 1 0 0
 1 1 0]

========== Cluster 4 ==========

Labels: [0 0 0 0 0 0 0 0 0 0 0 0 0 1 0 1 0 1 0 0 0 0 0 0 0 0 0 0 0 0 0 0 0 0 0 0 0
 0 0 0 0 0 0 0 0 0 0 0 0 0 0]

========== Cluster 5 ==========

Labels: [0 0 0 1 0 0 1 1 1 1 1 0 0 0 0 1 1 1 1 1 1 0 0 0 0 1 0 1 0 0 0 0 1 0 1 1 1
 1 0 0 0 0 0]

========== Cluster 6 ==========

Labels: [1 1 1 0 0 1 1 1]

========== Cluster 7 ==========

Labels: [0 1 0 0 0 0 1 0 0 0 0 0 0 1 0 0 1 0 0 1 0 0 0 0 0 0 0 0 0 0 0 0 0 0 0 1 0
 0 0 0 0 0 0 0 0 0 0 0 0 0 0 0 0 0 0 0 0 0 1 0 0 0 0 0 1 0 0 0 0]

========== Cluster 8 ==========

Labels: [0 0 0 0 0 0]

========== Cluster 9 ==========

Labels: [1 1 0 1 1 0 0 0 0 0 0 0 0 0 0 1 0 0 0 0 0 0 0 0 0 0 1 0 1 1 0 0 0 0 0 0 0
 0 0 0 0 1 1 1 0]

