============== Classifiers Parameters ==============
[{'cost': 301.2634677270227, 'gamma': 284.96833724041903}, {'cost': 389.655975737591, 'gamma': 0.6395607965888156}, {'cost': 466.6609350540853, 'gamma': 486.56673495126995}, {'cost': 863.1309295259725, 'gamma': 448.5256630299216}, {'cost': 363.55635751204346, 'gamma': 994.7470518877582}, {'cost': 571.2133674811638, 'gamma': 472.6132613728186}]

Optimal clusterer: kmeans

External clustering metrics:
adjusted_rand_score: 0.0020277081504569794
normalized_mutual_info_score: 0.025720716127509858
v_measure_score: 0.025720716127509854
fowlkes_mallows_score: 0.7553317528965414

Internal clustering metrics:
silhouette: 0.45110471895119447
davies_bouldin: 0.730839924615423
calinski_harabasz_score: 104.01563843828784

Base classifier: svm
========== Cluster 0 ==========

Labels: [0 0 0 0 1 1 1 0 1 0 0 0 0 0 0 0 0 0 0 0 1 0 0 0 0 1 0 0 0 0 0 0 0 1 0 1 1
 0 0 0 0 0 0 0 0 0 0 1 0 0 1 1 1 0 1 0]

========== Cluster 1 ==========

Labels: [0 0 1 1 1 0 0 1 1 1 0 1 0 0 1 0 0 0 0 0 1 0 0 0 1 1 0 1 0 1 1 1 0 0 0 0 0
 0 1 1 0 1 1 1 0 0 1 0 0 0 0 0 0 0 1 0 1 1 0 0 1 0 0 1 0 0 0 0 0 1 1 0 0 1
 1 1 1 1 1 0 0 0 0 1 1 1 1 1 1 1 1 0 0 0 0 0 0 1 0 1 0 0 0 0 0 1 1 1 0 1 0
 0 0 1 0 0 1 0 0 0 0 0 0 0 0 0 1 1 0 0 0 0 0 1 1 0 0 1 1 1 0 0 1 0 1 0 0 0
 0 0 1 0 1 0 0 1 1 0 0]

========== Cluster 2 ==========

Labels: [1 1 0 0 1 1 1]

========== Cluster 3 ==========

Labels: [0 0 0 0 0 0 1 0 0 0 0 0 0 0 0 1 1 1 0 1 1 0 0 0 0 1 1 1 1 0 1 0 0 0 0 1 1
 0 0 0 0 0 0 1 1 0 0 1 1 0 0 0 0 1 0 0 1 1 1 0 0 0 0 0 0 0 1 0 0 0 0 1 0 1
 1 1 0 0 1 1 0 0 0 0 0 1 0 0 0 0 0 1 0 0 0 0 0 1 0 0 0 0 1 0 1 1 0 1 0 0 0
 0 0 0 1 0 0 0 1 0 0 0 0 0 1 1 0 0 0 1 0 0 0 0 0 1 0 0 0 0 0 0 0 0 0 1 1 0
 0 0 0 0 0 0 0 0 1 0 0 0 0 1 0 0 1 0 0 0 1 1 1 0 0 0 0 0 0 1 1 0 0 0 0 0 0
 0 0 0 0 0 1 0 0 0 0 0 0 1 0]

========== Cluster 4 ==========

Labels: [0 0 0 0 0 0 0 0 0 0 0 0 0 0 0 0 0 0 0 1 0 0 0 0 0 0 0 0 0 0 0 0 0 0 0 0 0
 1 0 0 0 0 0 0 1 0 0 0 0 1 0 1 0 0 1 0 0 0 0 0 0 0 0 0 1 0 0 0 0 0 0 1 0 0
 0 0 0 0 0 0 0 0 1 1 0 0 0 0 0 0 0 0 0 0 0 0 0 0 0 0 0 1 0 0 0 0 0 0 0 0 0]

========== Cluster 5 ==========

Labels: [0 0 1 0 0 0 1 0 0 0 0 0 0 0 0 0 0 1 1 0 0 0 1 0 1 0 0 0 0 0 0 1 0 0 0 0 0
 0 0 0 0 0 0 0 0 0 0 1 1 0 0 0 0 1 0 0 0 0 0 0 0 0 0 0 0 0 0 0 1 0 0 0 0 0
 0 0 0 0 0 1 0 0 0 0 0 0 0 0 0 0 0 1 0 0 0 0 0 0 0 0 0 0 0 0 0 0 0 0 0 0 0
 0 0 0 0 0 0 0 0 0 1 0 0 0 0 0 0 0 0 0 0 0 0 0 0 0 0 0 0 0 0]

