============== Classifiers Parameters ==============
[{'cost': np.float64(9.797994580245952)}, {'cost': np.float64(5.167283931967491)}, {'cost': np.float64(0.5723422068471375)}, {'cost': np.float64(4.4969431187755315)}, {'cost': np.float64(7.936095317197779)}]

Optimal clusterer: agglomerative_clustering

External clustering metrics:
adjusted_rand_score: 0.019832548221769292
normalized_mutual_info_score: 0.0015571059679884568
v_measure_score: 0.0015571059679884566
fowlkes_mallows_score: 0.6703884781366077

Internal clustering metrics:
silhouette: 0.49020788262387516
davies_bouldin: 0.8347019916210218
calinski_harabasz_score: 546.1736299201764

Base classifier: lr
========== Cluster 0 ==========

Labels: [0 0 0 1 0 0 1 1 0 0 0 0 0 1 1 0 1 0 0 0 0 0 0 0 0 1 0 0 0 0 0 0 1 0 1 0 0
 0 1 0 0 0 0 0 0 1 1 1 1 0 0 0 0 0 0 1 1 1 0 0 0 0 0 1 1 0 0 0 1 0 1 1 0 0
 0 1 0 0 0 0 0 0 0 0 0 0 0 1 0 0 0 0 1 1 0 0 1 0 0 0 0 0 1 0 0 0 0 0 0 0 0
 1 0 1 1 1 0 0 1 1 0 1 1 0 0 0 1 1 0 1 0 1 0 0 1 0 0 1 0 0 0 0 0 1 0 0 1 0
 0 0 0 0 0 1 0 0 1 1 0 1 0 0 0 0 1 0 0 1 0 0 0 0 0 0 0 0 0 0 0 0 1 0 1 1 1
 0 0 1 0 0 1 0 1 0 0 0 0 0 0 0 0 0 0 0 1 0 1 0 0 0 0 1 1 0 1 0 0 0 0 0 1 0
 0 0 1 0 0 0 0]

========== Cluster 1 ==========

Labels: [0 0 0 0 0 1 0 0 0 0 0 1 1 0 1 0 0 1 0 0 1 1 0 0 0 0 0 0 0 0 0 0 1 0 0 0 0
 0 1 0 0 1 1 0 0 0 0 0 1 1 0 0 1 0 0 0 1 0 1 1 0 0 0 0 0 0 0 0 1 0 0 1 0 0
 0 1 1 0 0 0 0 0 0 0 0 0 0 0 0 0 0 0 1 1 1 0 0 0 0 0 0 0 0 1 0 0 0 0 0 0 1
 1 1 0 0 1 0 0 0 0]

========== Cluster 2 ==========

Labels: [0 0 0 0 1 0 0 0 0 0 1 0 0 0 0 0 0 0 0 0 1 0 0 0 0 0 0 0 0 0 1 0 0 0 0 0 0
 1 0 0 0 0 1 0 0 0 1 0 0 0 0 0 0 0 0 0 0 0 0 0 0 0 1 1 0 0 0 0 0 0 1 0 0 0
 0 0 0 0 0 0 0 0 0 0 0 1 0 0 0 0 0 1 0 0 0 0 0 0 1 0 0 0 1 0 0 0 0 0 0 0 0
 0 0 0 0 0 1 0 0 0 0 0 0 1 0 0 0 0 0 0 0 0 0 0 0 0 0 0 0 0 0 0 0 0 0 0 0 0
 0 0 0 0 0 0 0 0 1 0 0 0 1 0 0 0 0 0 0 0 0 0 0 0 0 0 0 0 0 0 0 0 0 0 0 0 0]

========== Cluster 3 ==========

Labels: [1 1 1 0 0 1 1 1]

========== Cluster 4 ==========

Labels: [0 0 0 1 0 0 0 0 0 0 1 1 1 0 1 0 0 1 0 0 0 1 0 1 0 0 0 0 0 1 1 1 1 1 1 0 1
 1 0 0 0 0 1 0 0 0 1 1 1 1 0 0 1 1 0 0 0 1 0 0 1 0 0 0 1 0 0 0 0 1 1 0 0 0
 1 0 0 0 1 0 0 0 0 1 1 0 0 0 1 0 0 0 0 0 0 1 1 0 0 0 0 0 1 0 0 0 1 0 0 0 1
 1 0 0 0 1 1 0 0 0 0 0 0 0 1 0 0 0 0 1 0]

