Accuracy: 0.69
Recall: 0.47368421052631576
Precision: 0.3
F1: 0.3673469387755102

AUC: 0.6614285714285715

