Accuracy: 0.9629629629629629
Recall: 1.0
Precision: 0.9166666666666666
F1: 0.9565217391304348

AUC: 0.9777777777777779

