Accuracy: 0.72
Recall: 0.55
Precision: 0.36666666666666664
F1: 0.44

AUC: 0.7447619047619047

