Accuracy: 0.74
Recall: 0.625
Precision: 0.3333333333333333
F1: 0.43478260869565216

AUC: 0.7688095238095238

