Accuracy: 0.8051948051948052
Recall: 0.7727272727272727
Precision: 0.6296296296296297
F1: 0.6938775510204082

AUC: 0.7874074074074074

