============== Classifiers Parameters ==============
[{'n_estimators': 50, 'max_depth': 2, 'min_samples_split': 10, 'min_samples_leaf': 4, 'learning_rate': np.float64(0.2839081418207295)}, {'n_estimators': 176, 'max_depth': 2, 'min_samples_split': 7, 'min_samples_leaf': 7, 'learning_rate': np.float64(0.6712958620606138)}, {'n_estimators': 30, 'max_depth': 2, 'min_samples_split': 9, 'min_samples_leaf': 5, 'learning_rate': np.float64(0.48261775092823)}]

Optimal clusterer: kmeans

External clustering metrics:
adjusted_rand_score: 0.0
normalized_mutual_info_score: 0.0
v_measure_score: 0.0
fowlkes_mallows_score: 0.5943423555458393

Internal clustering metrics:
silhouette: -inf
davies_bouldin: inf
calinski_harabasz_score: -inf

Base classifier: gb
========== Cluster 0 ==========

Labels: [2 0 0 2 2 2 2 2 0 0 1 0 0 2 0 2 0 2 2 2 0 0 0 0 2 2 0 0 2 0 2 0 0 0 2 0 2
 0 0 1 2 1 0 0 0 0 0 2 0 0 0 2 2 0 0 0 0 0 2 2 2 2 1 2 0 1 2 2 2 2 0 2 1 0
 0 2 0 0 0 1 0 2 2 2 0 0 2 1 2 0 0 2 2 2 1 2 0 0 0 2 2 2 0 0 0 0 0 0 2 1 2
 2 1 2 0 0 0 0 0 2 2 2 2 2 0 0 0 2 0 0 0 2 0 1 2 2 2 2 2 1 1 2 0 0 2 0 0 0
 0 0 0 2 1 0 0 0 2 0 1 1 2 2 2 0 0 0 0 0 0 2 0 2 2 0 2 0 1 2 0 0 0 0 0 2 0
 1 2 2 0 2 2 1 0 0 2 0 0 0 0 2 0 0 2 2 0 2 0 0 2 0 0 1 0 2 2 0 0 2 1 0 2 2
 0 1 0 0 2 0 0 0 1 0 2 1 2 0 2 0 2 0 2 2 2 1 0 2 0 1 0 2 1 0 2 0 0 0 0 0 0
 0 2 2 0 0 2 2 1 0 0 0 0 2 0 2 0 2 0 2 2 0 0 2 0 0 2 0 1 1 0 2 2 0 2 0 0 1
 0 1 2 0 0 2 2 1 2 0 1 0 0 2 2 2 0 0 0 2 1 0 2 2 0 1 2 2 0 2 2 0 2 2 1 0 0
 0 0 0 0 1 2 2 2 0 0 2 0 1 1 2 1 0 2 2 0 2 2 0 0 2 0 0 1 2 0 2 2 1 2 0 2 2
 1 2 2 1 1 2 1 1 2 0 1 2 2 0 2 1 2 0 0 0 0 0 0 0 2 0 1 1 2 0 2 0 0 0 2 1 2
 2 0 0 2 2 0 2 0 0 2 0 2 2 0 2 0 2 0 2 1 0 0 2]

========== Cluster 1 ==========

Labels: [1 1 1 0 1 2 0 1 0 1 0 1 1 1 2 2 0 0 2 1 1 1 1 0 1 2 0 1 2 1 0 1 1 1 2 1 1
 0 0 0 0 0 1 0 2 1 0 1 2 0 0 1 0 0 1 2 2 1 1 1 2 2 1 0 0 2 0 2 2 2 1 1 0 1
 0 0 1 1 0 0 0 0 2 1 1 0 2 1 1 0 0 0 2 1 1 1 1 1 2 1 1 2 2 1 2 2 1 1 2 2 0
 2 2 0 0 2 1 2 2 1 0 1 1 2 1 1 2 2 1 0 1 2 0 0 1 1 1 1 2 2 0 0 1 0 1 2 2 2
 0 2 0 2 0 0 2 2 2 0 1 1 1 0 2 2 1 0 1 2 0 1 0 0 2 2 0 2 1 0 2 1 1 0 1 0 0
 0 1 1 1 2 2 2 1 1 1 1 1 1 2 1 0 2 2 2 2 1 1 2 0 1 2 1 2 0 0 0 2 1 1 2 1 0
 0 0 1 2 0 1 1 0 0 1 2 0 0 2 1 1 0 1 0 0 0 1 0 0 0 1 2 0 2 2 0 0 1 1 0 0 0
 0 2 2 0 1 1 2 2 1 2 1 2 1 0 2 2 2 2 2 0 2 0 0 0 0 1 0 2 0 1 0 0 2 2 1 2 0
 2 2 1 2 2 1 0 2 2 2 0 0 0 2 1 1 0 0 0 1 2 2 0 0 1 2 2 2 2 2 2 1 1 0 2 2 1
 1 2 1 2 1 0 1 0 1 0 2 1 1 0 0 2 2 1 1 2 2 2 1 2 2 2 2 2 1 0 1 2 2 2 1 0 0
 2 2 2 0 2 2 1 0 0 1 1 2 0 2 0 1 1 1 1 1 1 2 0 0 2 2 2 0 2 2 0 1 2 1 0 1 0
 1 0 0 1 0 2 0 1 2 2 0 2 2 2 1 0 2 2 2 1 1 1 0 1 1 1 1 1 1 1 0 1 2 2 2 0 0
 2 2 0 1 1 2 2 1 1 2 0 2 2 0 1 1 1 1 0 0 0 0 0 2 1 2 1 0 1 0 1 1 2 1 2 0 1
 0 1 1 0 2 2 0 0 0 0 2 1 0 2 1 2 2 1 1 2 1 1 1 2 1 2 0 1 0 1 0 1 0 0 2 1 2
 0 2 2 1 2 2 0 2 0 0 1 0 1 0 2 0 2 0 0 1 0 2 0 2 0 2 0 2 0 0 1 0 0 2 1 2 0
 2 2 1 0 1 0 2 1 2 2 1 0 1 2 1 1 0 2 2 0 0 1 2 0]

========== Cluster 2 ==========

Labels: [0 0 0 0 0 2 0 2 2 0 0 2 1 0 0 2 0 0 0 0 0 2 0 2 0 0 0 2 0 0 0 2 1 0 0 2 2
 2 0 0 0 0 0 2 0 0 2 0 2 0 0 0 0 2 0 0 0 0 0 0 2 0 2 2 1 1 0 2 0 0 1 0 2 1
 2 2 2 2 1 2 2 1 2 0 0 0 1 0 0 1 0 0 1 0 2 2 0 0 2 0 2 0 0 1 2 0 1 1 2 2 2
 2 2 1 1 1 0 0 2 1 0 2 0 2 0 0 0 2 0 2 0 0 1 0 0 0 0 0 2 0 2 0 1 2 0 2 2 0
 1 0 2 2 2 0 0 0 2 0 0 1 2 0 0 2 0 0 2 2 0 2 0 2 1 2 0 0 0 2 0 0 1 0 2 2 0
 1 0 0 2 0 2 1 0 0 1 0 0 0 0 0 0 2 0 2 0 1 0 0 0 1 1 2 0 0 2 0 0 0 0 0 2 1
 1 1 0 0 1 0 2 2 0 1 0 2 0 1 2 0 0 0 2 2 1 2 0 2 2 0 2 2 0 0 0 2 0 0 0 2 0
 0 0 2 0 1 2 0 2 0 1 0 0 0 2 0 0 2 2 0 2 0 0 2 0 1 0 1 2 0 0 2 0 2 0 2 0 0
 0 0 0 0 0 1 0 2 2 0 0 0 2 0 2 1 2 0 0 1 0]

