Accuracy: 0.5135135135135135
Recall: 0.5135135135135135
Precision: 0.5145733969263381
F1: 0.5138954513954513

AUC: 0.688631406019935

