Accuracy: 0.5510204081632653
Recall: 0.5510204081632653
Precision: 0.5671919561475385
F1: 0.5567885514340436

AUC: 0.6711242888082046

