Accuracy: 0.4897959183673469
Recall: 0.4897959183673469
Precision: 0.5011476452052682
F1: 0.49021959661057407

AUC: 0.6773923673226158

