Accuracy: 0.4897959183673469
Recall: 0.4897959183673469
Precision: 0.5031888657338838
F1: 0.4934193967618361

AUC: 0.7095816130811707

