Accuracy: 0.5405405405405406
Recall: 0.5405405405405406
Precision: 0.5510164229329315
F1: 0.5447009651053768

AUC: 0.7393153664944377

