Accuracy: 0.46258503401360546
Recall: 0.46258503401360546
Precision: 0.4624325920844528
F1: 0.46211939836290633

AUC: 0.6535341220929272

