Accuracy: 0.4965986394557823
Recall: 0.4965986394557823
Precision: 0.4851100613405535
F1: 0.4865419001385241

AUC: 0.6418341237788754

