Accuracy: 0.5102040816326531
Recall: 0.5102040816326531
Precision: 0.5362664546338016
F1: 0.5204917054541115

AUC: 0.6926398350408743

