Accuracy: 0.5102040816326531
Recall: 0.5102040816326531
Precision: 0.514775607212582
F1: 0.5124042660409475

AUC: 0.6680542731446645

