Accuracy: 0.6883116883116883
Recall: 0.5789473684210527
Precision: 0.4074074074074074
F1: 0.4782608695652174

AUC: 0.754074074074074

