Accuracy: 0.7402597402597403
Recall: 0.6521739130434783
Precision: 0.5555555555555556
F1: 0.6

AUC: 0.8251851851851851

