Accuracy: 0.9411764705882353
Recall: 0.9411764705882353
Precision: 0.9485294117647058
F1: 0.9404634581105169

AUC: 1.0

