Accuracy: 0.7792207792207793
Recall: 0.6923076923076923
Precision: 0.6666666666666666
F1: 0.6792452830188679

AUC: 0.8525925925925925

