Accuracy: 0.564625850340136
Recall: 0.564625850340136
Precision: 0.6067188780274014
F1: 0.5777340027859944

AUC: 0.7334389530666069

