Accuracy: 0.5782312925170068
Recall: 0.5782312925170068
Precision: 0.6469456469456469
F1: 0.5972740495840981

AUC: 0.7317660605798227

