Accuracy: 0.5337837837837838
Recall: 0.5337837837837838
Precision: 0.5824926426207261
F1: 0.5462969931594764

AUC: 0.7478569181992448

