Accuracy: 0.49324324324324326
Recall: 0.49324324324324326
Precision: 0.5571390718449543
F1: 0.5139326929472541

AUC: 0.6657955320549875

