Accuracy: 0.5374149659863946
Recall: 0.5374149659863946
Precision: 0.5824476976937962
F1: 0.552958876741837

AUC: 0.7158708556965229

