Accuracy: 0.5510204081632653
Recall: 0.5510204081632653
Precision: 0.6171865571625474
F1: 0.5695932905545722

AUC: 0.7238151540520513

