Accuracy: 0.5306122448979592
Recall: 0.5306122448979592
Precision: 0.6168909122090395
F1: 0.5604956268221574

AUC: 0.6898396209449578

