Accuracy: 0.71
Recall: 0.5263157894736842
Precision: 0.3333333333333333
F1: 0.40816326530612246

AUC: 0.7542857142857143

