Accuracy: 0.73
Recall: 0.6363636363636364
Precision: 0.23333333333333334
F1: 0.34146341463414637

AUC: 0.6628571428571428

