Accuracy: 0.67
Recall: 0.4
Precision: 0.2
F1: 0.26666666666666666

AUC: 0.746904761904762

