Accuracy: 0.72
Recall: 0.5384615384615384
Precision: 0.4666666666666667
F1: 0.5

AUC: 0.7483333333333333

