Accuracy: 0.8518518518518519
Recall: 0.9
Precision: 0.75
F1: 0.8181818181818182

AUC: 0.911111111111111

