============== Classifiers Parameters ==============
[{'cost': 676.744709223704, 'gamma': 56.087851658887786}, {'cost': 471.3373561824965, 'gamma': 38.16291581958944}]

Optimal clusterer: mini_batch_kmeans

External clustering metrics:
adjusted_rand_score: 0.12146943918513449
normalized_mutual_info_score: 0.06438486047193617
v_measure_score: 0.06438486047193617
fowlkes_mallows_score: 0.6060682799578369

Internal clustering metrics:
silhouette: 0.2340918599871925
davies_bouldin: 1.7906956299513175
calinski_harabasz_score: 174.76571493632787

Base classifier: svm
========== Cluster 0 ==========

Labels: [1 1 1 0 0 1 1 1 1 0 1 0 1 1 1 0 1 1 1 1 1 1 0 1 0 0 1 0 1 1 1 0 1 0 1 0 0
 1 1 0 1 0 1 1 1 1 0 0 0 0 0 1 0 0 1 0 0 1 0 0 0 0 1 1 0 0 1 1 0 0 1 1 0 0
 0 0 1 0 1 1 1 1 1 1 0 1 1 1 1 1 1 0 0 1 1 0 0 0 0 0 1 1 0 0 1 0 0 0 1 0 1
 1 0 1 1 1 1 0 1 1 1 0 1 1 0 0 0 1 0 0 0 0 0 1 1 1 1 0 1 0 0 1 1 1 0 0 0 1
 1 1 1 0 0 0 1 1 0 1 0 0 0 0 1 1 0 1 0 1 1 1 1 0 0 0 0 0 0 1 0 0 1 0 1 1 1
 0 0 0 1 1 1 1 1 1 0 1 1 1 1 1 1 1 1 0 0 0 0 0 1 1 0 1 1 1 0 1 1 0 0 0 0 1
 1 0 1 1 1]

========== Cluster 1 ==========

Labels: [0 0 0 1 0 0 0 1 1 0 0 0 0 0 0 0 0 1 0 0 0 0 0 1 1 0 0 0 0 0 1 0 0 0 0 0 0
 0 1 0 0 0 0 0 0 0 1 0 0 0 1 0 0 0 1 0 0 0 1 0 0 0 1 0 0 0 0 1 0 1 1 0 0 0
 0 1 0 0 0 0 0 0 1 1 0 0 0 0 0 0 0 0 0 0 0 1 0 0 0 1 1 0 0 0 0 0 1 0 0 0 1
 1 0 0 0 0 0 0 0 1 0 0 0 0 0 0 1 0 0 0 0 0 0 0 0 1 0 0 1 0 0 1 0 1 0 1 1 0
 1 0 0 0 0 0 0 0 0 0 0 0 0 1 1 0 0 0 0 0 0 0 0 1 0 0 0 1 0 0 0 0 0 0 0 0 0
 0 0 1 1 0 0 0 0 0 1 0 1 1 1 0 0 0 0 1 1 1 0 0 0 1 1 0 1 1 0 1 0 1 0 0 1 0
 1 0 0 1 0 0 0 0 0 0 1 0 0 0 0 0 1 0 0 1 0 0 1 0 0 0 1 1 1 0 1 0 0 1 0 1 0
 0 1 1 1 1 1 0 0 0 0 0 1 1 0 0 1 0 0 0 0 0 0 1 0 0 0 1 0 1 0 0 0 0 0 0 0 0
 0 0 0 0 0 0 1 0 0 0 0 0 0 0 0 0 0 1 0 0 0 0 0 1 0 0 0 0 0 1 0 1 1 0 0 0 0
 1 1 1 0 0 0 1 0 1 0 0 0 0 0 0 0 0 1 0 0 0 0 0 0 0 0 0 0 0 0 1 0 1 0 0 0 1
 0 0 0 0 0 1 0 0 1 0 0 0 1 0 0 0 0 0 1 1 0 0 0 0 0 1 1 0 0 0 0 0 0 1 1 0 0
 0 0 0 1 0 1 0 0 0 0 1 0 0 0 1 0 0 0 0 0 0 0 0 1 1 1 0 1 0 0 0 1 0 1 0 0 0
 0 0 1 0 0 0 1 1 1 1 0 0 0 0 0 0 0 0 1 0]

