============== Classifiers Parameters ==============
[{'cost': np.float64(83.50854677275655), 'gamma': np.float64(988.503522194527)}, {'cost': np.float64(827.5100628386663), 'gamma': np.float64(242.5163220795552)}, {'cost': np.float64(570.5105633449766), 'gamma': np.float64(0.6526295721442035)}, {'cost': np.float64(575.231254963049), 'gamma': np.float64(216.2286902125561)}, {'cost': np.float64(541.2033418463413), 'gamma': np.float64(298.5797488734132)}]

Optimal clusterer: mini_batch_kmeans

External clustering metrics:
adjusted_rand_score: 0.11384692358974186
normalized_mutual_info_score: 0.06246316320969942
v_measure_score: 0.06246316320969943
fowlkes_mallows_score: 0.5949750670557695

Internal clustering metrics:
silhouette: 0.2509090202034349
davies_bouldin: 1.656672289957062
calinski_harabasz_score: 206.50794455966556

Base classifier: svm
========== Cluster 0 ==========

Labels: [0 1 1 1 1 1 1 0 0 0 1 0 0 1 1 0 0 1 0 0 0 0 1 0 1 0 1 0 1 0 1 0 0 0 0 0 1
 1 0 0 1 0 0 0 1 1 0 1 0 0 0 0 0 0 1 0 1 1 0 0 1 1 1 1 1 0 1 1 0 0 0 1 1 0
 1 1 1 0 1 1 1 1 1 1 1 0 1 0 0 1 1 0 0 0 0 0 1 0 0 1 0 0 1 0 1 1 1 0 0 0 0
 0 0 1 0 0 0 1 1 1 0 0 0 1 1 0 1 0 1 1 0 1 1 1 1 1 0 0 1 1 1 1 0 0 0]

========== Cluster 1 ==========

Labels: [0 0 1 1 1 1 0 0 0 0 1 0 0 0 0 0 0 0 1 0 0 0 0 0 0 1 0 1 0 0 0 0 0 1 0 0 1
 0 0 0 0 0 1 0 1 0 0 0 0 0 0 0 1 0 0 0 0 0 0 0 1 0 0 0 0 0 1 0 0 1 0 0 0 0
 1 0 0 0 0 0 1 0 1 1 0 0 0 0 1]

========== Cluster 2 ==========

Labels: [0 0 0 0 0 1 1 1 1 1 1 1 0 0 0 1 1 1 1 0 1 0 1 1 1 0 1 1 1 0 0 1 1 1 1 1 1
 1 1 1 1 1 0 1 0 1 0 1 1 1 1 1 1 1 0 0 1 0 1 1 1 1 1 1 1 0 0 1 1 1 1 0 0 0
 0 1 1 1 0 1 1 1 1 1 1 0 0 0 0 1 1 0 0 1 1 0 1 1 1]

========== Cluster 3 ==========

Labels: [0 0 0 1 0 0 1 0 0 0 0 1 0 0 0 1 1 1 0 0 1 0 0 1 1 1 1 1 1 0 1 0 0 1 0 1 0
 1 0 1 0 1 0 0 0 0 0 0 1 0 1 0 0 1 0 1 0 0 0 1 0 0 0 1 0 0 0 1 0 1 1 1 0 0
 1 0 0 0 1 1 1 1 0 0 0 0 0 0 1 0 1 0 0 0 0 1 0 1 1 0 0 0 1 0 0 1 0 0 1 1 1
 0 1 1 1 1 1 0 0 1 1 0 1 1 0 0]

========== Cluster 4 ==========

Labels: [0 0 0 0 0 0 0 0 0 1 0 1 0 0 0 0 0 0 0 0 0 1 0 0 1 0 0 0 0 0 0 0 0 1 0 0 0
 0 0 0 0 1 0 0 0 0 0 1 0 0 1 0 0 0 1 0 0 0 0 1 0 0 0 0 0 0 0 0 0 0 0 0 0 0
 0 0 0 0 0 0 0 0 0 0 0 1 0 0 0 0 0 0 0 0 1 0 0 0 0 0 1 0 1 0 1 0 1 0 1 0 0
 0 0 1 0 0 0 0 0 0 1 1 0 0 0 0 1 0 0 0 0 0 0 0 0 0 0 0 0 0 0 0 0 0 0 0 0 0
 1 0 0 0 0 0 0 0 0 0 0 0 0 0 1 0 0 0 0 1 0 1 0 1 0 0 0 0 0 0 0 0 0 0 0 0 1
 0 0 0 0 1 0 0 1 0 0 0 0 1 0 0 0 0 0 0 0 0 0 0 0 0 0 0 0 0 0 0 0 0 0 0 0 0
 0 1 0 0 0 0 0 0 0 0]

