Accuracy: 0.7777777777777778
Recall: 0.7142857142857143
Precision: 0.8333333333333334
F1: 0.7692307692307693

AUC: 0.8166666666666667

