Accuracy: 0.7037037037037037
Recall: 0.6666666666666666
Precision: 0.6666666666666666
F1: 0.6666666666666666

AUC: 0.8555555555555555

