Accuracy: 0.7142857142857143
Recall: 0.6
Precision: 0.5555555555555556
F1: 0.5769230769230769

AUC: 0.7585185185185185

