Accuracy: 0.8051948051948052
Recall: 0.8
Precision: 0.5925925925925926
F1: 0.6808510638297872

AUC: 0.8874074074074074

