Accuracy: 0.67
Recall: 0.43478260869565216
Precision: 0.3333333333333333
F1: 0.37735849056603776

AUC: 0.7171428571428573

