Accuracy: 0.79
Recall: 0.8461538461538461
Precision: 0.36666666666666664
F1: 0.5116279069767442

AUC: 0.7978571428571429

