Accuracy: 0.82
Recall: 0.9285714285714286
Precision: 0.43333333333333335
F1: 0.5909090909090909

AUC: 0.7833333333333333

