Accuracy: 0.77
Recall: 0.6842105263157895
Precision: 0.43333333333333335
F1: 0.5306122448979592

AUC: 0.7576190476190476

