Accuracy: 0.8
Recall: 0.7083333333333334
Precision: 0.5666666666666667
F1: 0.6296296296296297

AUC: 0.78

