Accuracy: 0.7
Recall: 0.5
Precision: 0.23333333333333334
F1: 0.3181818181818182

AUC: 0.6576190476190475

