Accuracy: 0.8823529411764706
Recall: 0.8823529411764706
Precision: 0.9117647058823529
F1: 0.8809523809523809

AUC: 1.0

