Accuracy: 0.8333333333333334
Recall: 0.8333333333333334
Precision: 0.8870370370370372
F1: 0.8350415923945335

AUC: 0.9953703703703703

