Accuracy: 0.7222222222222222
Recall: 0.7222222222222222
Precision: 0.9092592592592593
F1: 0.7622718412192095

AUC: 0.9461852961852962

