Accuracy: 0.46938775510204084
Recall: 0.46938775510204084
Precision: 0.47126209791275814
F1: 0.469980721880589

AUC: 0.6882359746574512

