Accuracy: 0.5878378378378378
Recall: 0.5878378378378378
Precision: 0.5856648960301711
F1: 0.5860019268892334

AUC: 0.7559326971103834

