Accuracy: 0.5374149659863946
Recall: 0.5374149659863946
Precision: 0.5404972955993365
F1: 0.5387967687074829

AUC: 0.7215886753425452

