Accuracy: 0.47619047619047616
Recall: 0.47619047619047616
Precision: 0.4859317464359481
F1: 0.4786919502190438

AUC: 0.7026048712502898

