Accuracy: 0.5034013605442177
Recall: 0.5034013605442177
Precision: 0.5219057319897656
F1: 0.5109525121840393

AUC: 0.6936802011252845

