Accuracy: 0.7402597402597403
Recall: 0.6296296296296297
Precision: 0.6296296296296297
F1: 0.6296296296296297

AUC: 0.8166666666666665

