Accuracy: 0.9122807017543859
Recall: 0.9444444444444444
Precision: 0.8095238095238095
F1: 0.8717948717948718

AUC: 0.9775132275132277

