Accuracy: 0.9464285714285714
Recall: 1.0
Precision: 0.8571428571428571
F1: 0.9230769230769231

AUC: 0.9972789115646259

