Accuracy: 0.9298245614035088
Recall: 0.9090909090909091
Precision: 0.9090909090909091
F1: 0.9090909090909091

AUC: 0.9935064935064934

