Accuracy: 0.8148148148148148
Recall: 0.8888888888888888
Precision: 0.6666666666666666
F1: 0.7619047619047619

AUC: 0.8722222222222222

