Accuracy: 0.8947368421052632
Recall: 0.9
Precision: 0.8181818181818182
F1: 0.8571428571428571

AUC: 0.9409090909090909

