Accuracy: 0.82
Recall: 0.7727272727272727
Precision: 0.5666666666666667
F1: 0.6538461538461539

AUC: 0.7876190476190477

