Accuracy: 0.76
Recall: 0.65
Precision: 0.43333333333333335
F1: 0.52

AUC: 0.8395238095238096

