Accuracy: 0.72
Recall: 0.5625
Precision: 0.3
F1: 0.391304347826087

AUC: 0.7414285714285714

