Accuracy: 0.69
Recall: 0.47058823529411764
Precision: 0.26666666666666666
F1: 0.3404255319148936

AUC: 0.7333333333333334

