Accuracy: 0.65
Recall: 0.4
Precision: 0.3333333333333333
F1: 0.36363636363636365

AUC: 0.7166666666666667

