Accuracy: 0.8
Recall: 0.8571428571428571
Precision: 0.4
F1: 0.5454545454545454

AUC: 0.7847619047619047

