============== Classifiers Parameters ==============
[{'n_estimators': 320, 'max_depth': 15, 'min_samples_split': 9, 'min_samples_leaf': 6}, {'n_estimators': 312, 'max_depth': 7, 'min_samples_split': 19, 'min_samples_leaf': 8}, {'n_estimators': 488, 'max_depth': 30, 'min_samples_split': 10, 'min_samples_leaf': 2}]

Optimal clusterer: mini_batch_kmeans

External clustering metrics:
adjusted_rand_score: 0.3026852179574448
normalized_mutual_info_score: 0.2670601500979692
v_measure_score: 0.26706015009796924
fowlkes_mallows_score: 0.538503869055301

Internal clustering metrics:
silhouette: 0.34876606037921826
davies_bouldin: 0.903447240841896
calinski_harabasz_score: 478.03287106888513

Base classifier: rf
========== Cluster 0 ==========

Labels: [0 0 2 0 0 1 0 1 0 0 0 1 0 0 0 0 1 0 2 0 0 0 0 0 0 2 0 0 0 0 0 1 0 0 0 2 0
 0 0 0 0 2 0 1 0 0 0 1 0 1 0 0 0 0 1 2 0 0 0 0 0 1 0 0 0 0 0 0 0 0 1 0 0 0
 0 2 0 1 1 0 0 0 0 0 0 0 0 0 0 0 0 0 2 0 1 0 0 0 0 2 0 0 0 1 2 0 2 0 0 0 0
 2 0 0 2 0 1 2 0 0 2 2 1 0 0 0 1 0 0 0 0 0 0 0 0 2 0 0 0 0 2 0 0 0 0 2 0 0
 2 0 0 0 0 0 0 1 0 0 0 2 0 0 0 1 0 0 0 2 2 0 2 0 0 1 1 0 0 0]

========== Cluster 1 ==========

Labels: [2 2 2 1 2 0 0 1 2 2 0 1 0 1 1 2 2 2 2 1 0 1 2 1 2 2 1 2 1 2 2 1 0 2 2 2 2
 0 2 2 2 2 0 0 2 2 1 2 2 2 2 1 2 0 1 2 2 1 0 2 2 2 0 1 2 2 0 0 1 2 0 1 2 2
 2 2 0 2 2 2 1 2 1 2 2 2 1 2 2 2 2 2 2 2 2 2 2 2 2 2 2 1 1 1 0 1 0 0 0 0 1
 2 1 2 2 2 2 2 1 0 2 2 2 0 2 2 2 2 2 2 1 2 2 1 0 2 2 2 2 2 1 2 2 2 2 2 2 2
 2 2 2 2 2 0 2 1 2 2 0 2 0 0 2 2 0 2 2 2 2 2 2 2 2 2 0 2 2 2 2 0 2 2 2 1 2
 2 2 0 2 2 1 2 2 2 2 0 0 2 2 2 2 2 2 2 2 2 2 1 2 1 2 0 2 1 2 1 1 2 2 2 2 2
 2 2 2 2 2 2 2 2 2 2 2 1 2 2 2 0 0 0 1 1 1 2 2 2 0 0 1 1 2 0 0 2 0 2 2 2 1
 2 2 2 2 2 2 2 2 2 2 0 0 2 0 2 1 0 2 2 0 0]

========== Cluster 2 ==========

Labels: [1 1 1 1 1 1 1 1 1 0 1 1 1 1 0 0 0 1 2 1 1 0 0 0 1 0 1 1 1 1 1 0 0 1 1 1 1
 1 0 2 0 1 1 2 1 1 1 0 1 1 0 0 1 1 1 0 0 1 2 1 1 2 0 1 1 1 1 1 1 1 0 1 1 1
 1 1 1 1 1 1 1 1 1 1 2 2 1 1 1 2 0 2 1 1 1 1 1 1 0 1 1 1 1 0 1 1 1 0 0 1 1
 1 1 0 0 0 2 2 1 0 2 1 1 1 1 1 0 1 1 1 0 1 1 1 0 1 1 1 1 1 0 0 1 0 1 0 1 1
 1 1 0 2 1 1 1 1 1 1 1 1 1 1 1 1 1 1 1 1 1 0 2 0 1 1 2 1 2 0 0 1 1 1 2 1 1
 1 1 1 1 1 1 1 1 1 1 0 1 1 1 1 1 1 1 1 1 1 1 1 1 0 1 1 0 1 0 1 1]

