============== Classifiers Parameters ==============
[{'n_estimators': 141, 'max_depth': 8, 'min_samples_split': 16, 'min_samples_leaf': 1}, {'n_estimators': 194, 'max_depth': 6, 'min_samples_split': 18, 'min_samples_leaf': 6}, {'n_estimators': 433, 'max_depth': 16, 'min_samples_split': 5, 'min_samples_leaf': 6}]

Optimal clusterer: kmeans

External clustering metrics:
adjusted_rand_score: 0.3135805949849831
normalized_mutual_info_score: 0.26948775548929393
v_measure_score: 0.26948775548929393
fowlkes_mallows_score: 0.54296316634897

Internal clustering metrics:
silhouette: 0.3354243888455297
davies_bouldin: 0.9272121421521134
calinski_harabasz_score: 461.3137512336928

Base classifier: rf
========== Cluster 0 ==========

Labels: [2 2 2 1 2 0 1 2 2 0 1 0 1 1 2 2 2 2 1 0 2 2 2 2 2 2 2 2 2 2 2 2 1 0 0 1 0
 1 2 0 2 2 2 1 2 1 2 2 2 1 2 2 2 2 2 0 2 2 2 1 1 1 2 2 2 2 2 2 1 2 2 0 0 0
 2 0 2 0 2 2 2 1 1 2 2 2 2 1 2 0 1 0 2 2 0 2 0 2 1 2 2 2 2 2 2 2 0 2 2 2 0
 2 2 2 2 2 1 2 2 1 0 2 2 2 2 2 1 2 2 2 2 2 2 2 2 2 2 2 2 0 2 2 2 0 2 0 0 2
 2 0 2 2 2 2 2 2 2 2 0 2 2 2 2 0 2 2 2 1 2 2 2 0 2 1 2 2 2 2 0 0 2 2 2 2 2
 2 2 2 2 2 1 2 2 0 2 1 2 1 1 2 2 2 2 2 2 2 2 2 2 2 2 2 2 2 2 1 2 2 2 0 1 1
 2 2 2 0 0 1 2 0 0 2 0 2 2 2 1 2 2 2 2 2 2 2 2 2 0 0 2 0 2 1 2 2 0 0]

========== Cluster 1 ==========

Labels: [1 1 1 1 1 1 1 1 0 1 1 1 1 0 0 0 1 2 1 1 0 0 0 1 1 1 0 0 1 1 1 0 1 2 1 1 2
 0 1 1 1 1 1 0 1 0 1 0 1 1 1 1 0 1 1 1 1 2 1 1 0 2 1 1 1 1 1 1 1 1 1 1 0 1
 1 1 1 1 1 2 1 1 1 1 1 1 1 1 2 1 1 2 0 2 1 1 1 1 1 1 1 1 1 1 0 1 1 1 0 0 1
 1 1 1 0 0 0 2 2 1 0 2 1 1 1 1 1 1 0 1 1 0 1 1 1 0 2 1 1 1 1 1 0 0 1 0 1 0
 1 1 2 1 1 0 2 1 1 1 1 1 1 1 1 1 1 1 1 1 1 1 1 0 2 0 1 1 2 0 0 0 1 1 1 1 2
 1 1 1 1 1 1 1 1 1 1 1 1 0 1 2 1 1 1 1 1 1 1 1 1 1 1 1 0 1 1 0 1 0 1 1]

========== Cluster 2 ==========

Labels: [0 0 2 0 0 0 1 1 0 1 0 0 0 1 0 0 0 0 0 2 1 0 0 0 0 0 0 0 0 0 1 0 0 0 1 0 1
 0 0 0 0 0 0 0 0 0 1 0 0 2 0 0 1 0 0 2 0 0 2 0 0 0 0 2 0 0 1 0 2 0 0 0 0 0
 0 2 0 0 1 0 0 1 0 2 0 2 0 1 1 1 0 2 0 0 0 0 0 0 0 0 0 0 0 0 0 2 0 1 0 0 0
 0 2 0 0 1 0 1 2 0 2 0 0 0 0 2 0 0 2 0 1 2 0 0 2 2 1 0 0 0 1 0 0 0 0 0 1 0
 0 1 0 2 0 0 0 0 2 0 1 0 0 0 2 2 0 0 0 2 0 0 0 0 0 0 1 0 0 1 0 2 0 0 0 1 0
 0 0 2 2 0 2 0 0 1 1 0 0 0 0]

