============== Classifiers Parameters ==============
[{'n_estimators': 241, 'max_depth': 19, 'min_samples_split': 15, 'min_samples_leaf': 6}, {'n_estimators': 491, 'max_depth': 21, 'min_samples_split': 18, 'min_samples_leaf': 9}, {'n_estimators': 66, 'max_depth': 13, 'min_samples_split': 9, 'min_samples_leaf': 8}]

Optimal clusterer: mini_batch_kmeans

External clustering metrics:
adjusted_rand_score: 0.29087983317482957
normalized_mutual_info_score: 0.2538796713143473
v_measure_score: 0.2538796713143473
fowlkes_mallows_score: 0.5295032645446096

Internal clustering metrics:
silhouette: 0.34686936722232803
davies_bouldin: 0.9073528006765944
calinski_harabasz_score: 477.87119015748914

Base classifier: rf
========== Cluster 0 ==========

Labels: [0 0 2 0 0 1 1 0 1 0 0 0 1 0 0 0 0 0 1 0 2 0 0 0 0 0 0 2 0 0 0 0 0 1 0 0 0
 2 0 0 0 0 0 0 2 0 1 0 0 0 1 0 1 0 0 0 0 0 0 0 0 0 1 0 0 2 0 0 1 0 0 2 0 0
 2 0 0 0 0 0 0 1 0 2 0 0 0 0 0 2 0 0 1 0 0 0 2 0 2 0 1 1 1 0 0 0 0 0 0 0 0
 0 0 0 0 0 0 2 0 1 0 2 0 0 2 0 0 2 2 1 0 0 0 1 0 0 0 0 0 0 0 1 0 2 0 0 0 0
 2 0 1 0 0 0 2 2 0 0 0 2 0 0 0 0 0 0 1 0 0 1 0 2 0 0 0 1 0 0 0 2 2 0 2 0 0
 1 1 0 0 0 0]

========== Cluster 1 ==========

Labels: [2 2 2 1 2 0 0 1 2 2 0 1 0 1 1 2 2 2 2 1 0 1 2 1 2 2 1 2 1 2 2 1 0 2 2 2 2
 0 2 2 2 0 0 2 2 1 2 2 2 2 1 2 0 1 2 2 1 0 2 2 2 0 1 2 2 0 0 1 2 0 1 2 2 2
 2 0 2 2 2 1 2 1 2 2 2 1 2 2 2 2 2 0 2 2 2 1 1 1 2 2 2 2 2 2 1 2 2 0 0 0 2
 0 2 0 2 2 2 1 1 2 2 2 2 2 1 2 0 1 0 2 0 2 0 2 0 2 1 2 2 1 2 2 2 2 2 1 0 2
 2 2 0 2 2 2 2 2 2 1 2 2 1 0 2 2 2 2 2 1 2 2 2 2 2 2 2 2 2 2 2 2 2 2 2 2 2
 2 0 1 2 2 2 2 0 0 2 2 2 2 2 2 2 2 2 2 1 2 1 2 0 2 1 2 1 1 2 2 2 2 2 2 2 2
 2 2 2 2 2 2 2 2 1 2 2 2 0 0 1 1 1 2 2 2 0 0 1 1 2 0 0 2 0 2 2 2 1 2 2 2 2
 2 2 2 2 2 0 0 2 0 2 1 2 2 0 0]

========== Cluster 2 ==========

Labels: [1 1 1 1 1 1 1 1 0 1 1 1 1 0 0 0 1 2 1 1 0 0 0 1 1 1 1 1 1 0 0 1 1 1 1 1 0
 2 2 0 1 1 2 1 1 1 0 1 1 0 0 1 1 1 0 1 2 1 1 2 0 1 1 1 1 1 0 1 0 1 0 1 1 1
 1 0 1 1 1 1 2 1 1 0 2 1 1 1 1 1 1 1 1 1 1 0 1 1 1 1 1 1 2 1 1 1 1 1 1 1 2
 1 1 2 0 2 1 1 1 1 1 1 1 1 1 1 0 1 1 1 0 0 1 1 1 1 0 0 0 2 2 2 0 0 1 1 0 2
 1 1 1 1 1 1 1 1 1 1 1 1 1 1 1 1 0 2 0 1 1 2 0 0 1 1 1 2 1 1 1 1 1 1 1 1 1
 1 1 0 1 2 1 1 1 1 1 1 1 1 1 1 1 1 0 1 1 0 1 0 1 1]

