Accuracy: 0.8571428571428571
Recall: 0.8636363636363636
Precision: 0.7037037037037037
F1: 0.7755102040816326

AUC: 0.92

