Accuracy: 0.8311688311688312
Recall: 0.7692307692307693
Precision: 0.7407407407407407
F1: 0.7547169811320755

AUC: 0.8799999999999999

