Accuracy: 0.6753246753246753
Recall: 0.53125
Precision: 0.6296296296296297
F1: 0.576271186440678

AUC: 0.7759259259259259

