Accuracy: 0.9285714285714286
Recall: 0.8695652173913043
Precision: 0.9523809523809523
F1: 0.9090909090909091

AUC: 0.9333333333333333

