Accuracy: 0.8947368421052632
Recall: 1.0
Precision: 0.7142857142857143
F1: 0.8333333333333334

AUC: 0.8571428571428572

