Accuracy: 0.9298245614035088
Recall: 0.84
Precision: 1.0
F1: 0.9130434782608695

AUC: 0.9444444444444444

