Accuracy: 0.5102040816326531
Recall: 0.5102040816326531
Precision: 0.5030167911320372
F1: 0.5040136737472866

AUC: 0.7039653137526498

