Accuracy: 0.5714285714285714
Recall: 0.5714285714285714
Precision: 0.5960600690492647
F1: 0.5795543088670719

AUC: 0.7438593171629808

