Accuracy: 0.5510204081632653
Recall: 0.5510204081632653
Precision: 0.5553904101323068
F1: 0.5526607503283888

AUC: 0.7260553898149725

