Accuracy: 0.5945945945945946
Recall: 0.5945945945945946
Precision: 0.601591994855752
F1: 0.5956250779908424

AUC: 0.7562050807873933

