Accuracy: 0.6753246753246753
Recall: 0.5625
Precision: 0.3333333333333333
F1: 0.4186046511627907

AUC: 0.7814814814814814

