Accuracy: 0.7763157894736842
Recall: 0.7142857142857143
Precision: 0.5769230769230769
F1: 0.6382978723404256

AUC: 0.8615384615384616

