Accuracy: 0.6111111111111112
Recall: 0.6111111111111112
Precision: 0.8412698412698413
F1: 0.707749766573296

AUC: 0.6821789321789322

