Accuracy: 0.8333333333333334
Recall: 0.8333333333333334
Precision: 0.8492063492063492
F1: 0.8376068376068376

AUC: 0.8771867021867021

