Accuracy: 0.8333333333333334
Recall: 0.8333333333333334
Precision: 0.8584656084656085
F1: 0.8330095830095829

AUC: 0.8838106338106337

