Accuracy: 0.54421768707483
Recall: 0.54421768707483
Precision: 0.6672417884902879
F1: 0.5898639455782313

AUC: 0.7244434389917581

