Accuracy: 0.564625850340136
Recall: 0.564625850340136
Precision: 0.6273834209008279
F1: 0.5859751015030519

AUC: 0.7434935940528967

