Accuracy: 0.5238095238095238
Recall: 0.5238095238095238
Precision: 0.6154825566590272
F1: 0.5568922305764411

AUC: 0.6639743605664843

