Accuracy: 0.5034013605442177
Recall: 0.5034013605442177
Precision: 0.6397508498348834
F1: 0.5422838031533683

AUC: 0.7005387637067941

