Accuracy: 0.5
Recall: 0.5
Precision: 0.6041335453100158
F1: 0.5389359159907106

AUC: 0.6893593646538015

