Accuracy: 0.46258503401360546
Recall: 0.46258503401360546
Precision: 0.5420580930785013
F1: 0.48906048906048905

AUC: 0.6695080943063031

