Accuracy: 0.6013513513513513
Recall: 0.6013513513513513
Precision: 0.7122795063971534
F1: 0.643642405080929

AUC: 0.7629573985499426

