Accuracy: 0.5102040816326531
Recall: 0.5102040816326531
Precision: 0.6156448149245268
F1: 0.5455323928905143

AUC: 0.6892109880900792

