Accuracy: 0.5102040816326531
Recall: 0.5102040816326531
Precision: 0.6099259328551045
F1: 0.5485902201269257

AUC: 0.6594741985931356

