Accuracy: 0.5472972972972973
Recall: 0.5472972972972973
Precision: 0.638490336782557
F1: 0.5789113165425009

AUC: 0.7105386392020526

