Accuracy: 0.48299319727891155
Recall: 0.48299319727891155
Precision: 0.4825809111523397
F1: 0.4806611665942973

AUC: 0.648786266677502

