Accuracy: 0.5306122448979592
Recall: 0.5306122448979592
Precision: 0.5625603776864281
F1: 0.5412485330738186

AUC: 0.6713269305595709

