Accuracy: 0.44594594594594594
Recall: 0.44594594594594594
Precision: 0.4700772200772201
F1: 0.4520185996708373

AUC: 0.6035184906542348

