Accuracy: 0.8026315789473685
Recall: 0.7391304347826086
Precision: 0.6538461538461539
F1: 0.6938775510204082

AUC: 0.8765384615384616

