Accuracy: 0.8181818181818182
Recall: 0.76
Precision: 0.7037037037037037
F1: 0.7307692307692307

AUC: 0.8751851851851852

