Accuracy: 0.8026315789473685
Recall: 0.72
Precision: 0.6923076923076923
F1: 0.7058823529411765

AUC: 0.8876923076923077

