Accuracy: 0.7402597402597403
Recall: 0.64
Precision: 0.5925925925925926
F1: 0.6153846153846154

AUC: 0.8162962962962963

