Accuracy: 0.8666666666666667
Recall: 0.8666666666666667
Precision: 0.92
F1: 0.8722222222222222

AUC: 0.9499999999999998

