Accuracy: 0.7407407407407407
Recall: 0.7777777777777778
Precision: 0.5833333333333334
F1: 0.6666666666666666

AUC: 0.8722222222222221

