Accuracy: 0.6973684210526315
Recall: 0.56
Precision: 0.5384615384615384
F1: 0.5490196078431373

AUC: 0.6592307692307692

