Accuracy: 0.5974025974025974
Recall: 0.42857142857142855
Precision: 0.4444444444444444
F1: 0.43636363636363634

AUC: 0.5622222222222222

