Accuracy: 0.8148148148148148
Recall: 0.8181818181818182
Precision: 0.75
F1: 0.782608695652174

AUC: 0.8472222222222222

