============== Classifiers Parameters ==============
[{'cost': np.float64(8.590767745064932)}, {'cost': np.float64(2.0186320251040937)}, {'cost': np.float64(2.6144777177816536)}]

Optimal clusterer: mini_batch_kmeans

External clustering metrics:
adjusted_rand_score: 0.20897851996277125
normalized_mutual_info_score: 0.1594578471568998
v_measure_score: 0.1594578471568998
fowlkes_mallows_score: 0.6056015296307854

Internal clustering metrics:
silhouette: 0.29122590862141745
davies_bouldin: 1.3826777786319886
calinski_harabasz_score: 304.91810527082777

Base classifier: lr
========== Cluster 0 ==========

Labels: [1 1 0 1 1 0 0 0 0 1 1 0 0 1 0 0 1 0 0 0 1 1 0 1 0 1 0 0 0 1 0 1 0 0 1 1 1
 1 0 0 0 0 0 0 0 1 0 1 0 0 0 1 0 0 0 1 0 1 0 1 1 1 1 0 1 0 0 0 1 0 1 1 1 0
 1 1 0 1 0 0 1 1 0 0 0 0 1 0 1 0 0 0 0 1 1 1 0 0 0 0 0 0 0 0 0 0 1 0 1 0 0
 1 0 1 0 0 1 0 0 1 1 0 1 1 1 0 0 0 0 0 0 1 0 0 1 0 1 0 0 0 1 0 0 0 0 0 1 0
 1 0 0 0 0 0 0 1 0 0 1 1 0 0 1 0 1 0 0 0 0 1 1 1 1 0 0 1 1 1 0 0 1 0 1 0 0
 0 1 0 0 0 1 0 0 0 0 1 1 0 1 1 0 1 0 1 0 0 0 1 1 1 0 1 0 1 0 0 0 0 1 0 0 0
 1 0 1 0 1 1 0 0 0 0 0 1 0 0 0 0 0 0 0 0 1 0 0 0 1 0 0 0 0 0 0 0 0]

========== Cluster 1 ==========

Labels: [0 1 1 0 1 1 1 1 1 1 1 1 1 0 1 1 0 1 1 0 1 1 1 1 0 1 1 1 1 1 1 1 1 1 1 1 1
 1 0 1 1 1 1 1 1 1 1 1 0 1 0 1 1 1 1 1 1 1 1 1 1 1 1 0 1 1 1 1 1 1 1 1 1 1
 1 1 1 1 1 1 1 1 0 0 1 1 1 1 1 1 0 1 1 1 1 1 1 1 1 0 1 0 1 1 1 1 1 1 1 1 1
 1 0 1 1 1 0 1 1 1 1 1 1 1 1 0 1 1 1 1 1 1 1 1 1 1 1 1 1 1 1 1 1 1 1 1 1 0
 1 0 0 1 1 1 1 1 1 1 1 1 0 1 1 1 1 1 1 1 1 1 1 1 1 1 1 1 1 1 1 1 1 1 1 1 1
 1 1 1 1 1 1 1 1 1 1 1 1 1 1 1 1 1 1 1 0 1 0 1 1 1 1 1 1 1 1]

========== Cluster 2 ==========

Labels: [1 0 1 0 0 1 0 1 1 0 0 0 0 1 0 1 0 0 0 1 0 0 0 1 1 0 0 0 1 0 0 1 1 0 0 1 0
 0 0 0 0 1 0 0 0 0 0 1 0 0 1 0 0 1 0 0 1 1 1 0 0 0 0 0 0 0 0 1 1 1 1 0 0 0
 1 0 0 0 1 0 0 0 0 1 0 0 0 0 0 0 1 0 0 0 1 0 0 0 1 0 0 1 0 0 0 1 0 0 0 1 0
 1 1 0 0 0 0 0 0 0 0 1 1 0 0 1 1 0 0 0 0 0 0 0 1 1 0 0 0 0 0 0 0 1 0 0 0 1
 1 1 0 0 0 1 1 0 0 0 1 1 0 0 1 1 0 1 1 1 0 0 0 0 0 1 0 0 0 1 1 0 1 0 0 0 0
 1 0 1 0 1 0 0 1 0 1 0 0 1 1 0 0 0 1 0 0 1 1 1 0 0 0 1 0 0 0 0 0 0 0 0 0 0
 0 0 0 0 0 0 0 0 0 0 0 0 0 0 1 1 1 0 0 0 0 0 1 0 0 0 0 1]

