============== Classifiers Parameters ==============
[{'cost': np.float64(5.274918454134572)}, {'cost': np.float64(0.612042637349289)}, {'cost': np.float64(7.377889565327406)}]

Optimal clusterer: mini_batch_kmeans

External clustering metrics:
adjusted_rand_score: 0.005564094531188744
normalized_mutual_info_score: 0.005028739833088608
v_measure_score: 0.005028739833088608
fowlkes_mallows_score: 0.502582028207336

Internal clustering metrics:
silhouette: 0.3869159384852415
davies_bouldin: 1.0476948046830752
calinski_harabasz_score: 526.836546604558

Base classifier: lr
========== Cluster 0 ==========

Labels: [1 0 0 1 0 0 0 1 1 0 1 1 0 0 0 0 1 0 0 1 0 0 1 0 0 1 0 0 0 1 1 0 1 0 0 0 1
 0 0 1 1 1 0 0 0 0 0 0 0 0 1 1 1 1 1 1 1 0 1 0 0 1 0 0 0 1 0 0 1 0 1 0 0 0
 1 0 0 0 0 0 0 1 0 0 0 1 1 1 0 0 0 1 0 0 1 1 0 0 1 0 0 1 0 0 0 1 0 0 1 0 1
 0 1 0 0 0 1 1 0 0 0 0 0 0 1 0 0 1 0 0 1 0 1 0 0 0 1 1 0 0 1 0 0 1 1 1 1 0
 0 1 1 0 0 0 0 0 0 0 1 0 1 1 0 0 0 0 1 1 0 1 1 0 0 1 0 0 0 0 1 1 1 0 0 0 1
 1 1 0 1 0 0 0 1 1 0 0 0 1 1 1 0 1 1 1 0 1 0 0 0 0 1 0 1 0 1 0 1 0 1 1 1 0
 1 1 0 1 0 0 0 1 0 1 1 0 1 1 0 0 1 1 0 0 1 0 0 1 0 1 1 1 0 0 0 1 0 1 1 0 1
 1 1 1 0 0 0 1 0 0 0 0 0 1 1 0 0 0 0 0 0 0 0 1 0 1 1 0 0 1 0 1 0 0 1 0 0 0
 0 0 1 0 1 1 0 0 0 0 0 1 0 0 1 0 1 0 1]

========== Cluster 1 ==========

Labels: [1 1 1 1 1 1 1 1 1 1 1 1 1 1 0 1 1 1 1 1 1 1 1 0 1 1 1 1 1 1 1 1 1 1 0 1 1
 1 1 1 0 1 1 1 1 1 1 1 1 1 1 1 1 1 1 1 1 1 1 1 1 1 1 0 1 1 1 1 1 1 1 1 1 1
 0 1 1 1 1 1 1 1 1 1 0 1 1 0 1 1 1 1 1 1 1 1 1 1 1 1 1 1 1 1 1 1 1 1 1 0 1
 1 1 1 1 1 1 1 1 1 1 1 1 1 1 0 1 1 1 1 1 1 1 1 1 1 1 1 1 1 1 1 0 1 1 1 1 1
 1 1 0 1 1 1 1 1 1 1 0 1 1 1 1 1 1 1 1 1 1 1 1 1 1 1 1 0 1 1 1 1 1 1 0]

========== Cluster 2 ==========

Labels: [1 0 1 1 0 0 0 0 1 1 0 0 0 0 1 0 0 1 0 1 0 0 0 1 0 1 0 0 0 1 0 1 1 0 1 0 1
 0 0 1 1 0 0 0 0 1 1 0 0 0 0 1 0 0 0 0 0 0 0 0 0 0 1 0 0 1 0 0 0 0 1 1 0 0
 1 0 1 1 0 0 0 1 0 1 0 0 0 1 0 1 0 1 0 0 0 1 0 0 0 0 0 0 1 0 0 0 0 1 0 0 0
 1 0 0 0 1 1 0 0 1 0 1 0 0 0 1 0 0 0 0 0 0 0 0 0 0 0 0 0 1 0 0 1 0 0 0 0 0
 1 1 1 1 0 0 1 1 1 0 1 0 1 0 0 0 0 0 0 1 0 0 0 0 1 1 0 1 0 1 0 1 0 0 0 1 1
 0 0 0 0 0 0 1 0 0 0 1 0 1 0 0 0 0 0 1 0 0 0 0 0 0 0 0 0 0 1 0 0 0 0 0 0 0]

