Accuracy: 0.8518518518518519
Recall: 0.75
Precision: 1.0
F1: 0.8571428571428571

AUC: 0.8666666666666667

