Accuracy: 0.5135135135135135
Recall: 0.5135135135135135
Precision: 0.5568425568425569
F1: 0.5279149795278827

AUC: 0.7035668520739217

