Accuracy: 0.7272727272727273
Recall: 0.625
Precision: 0.5555555555555556
F1: 0.5882352941176471

AUC: 0.7992592592592593

