============== Classifiers Parameters ==============
[{'cost': np.float64(7.671198384923621)}, {'cost': np.float64(4.261630284761095)}]

Optimal clusterer: agglomerative_clustering

External clustering metrics:
adjusted_rand_score: 0.050791735293896446
normalized_mutual_info_score: 0.04940482795782578
v_measure_score: 0.04940482795782578
fowlkes_mallows_score: 0.5645005214500568

Internal clustering metrics:
silhouette: 0.2992516705337262
davies_bouldin: 1.1306365722751994
calinski_harabasz_score: 309.1198155950568

Base classifier: lr
========== Cluster 0 ==========

Labels: [1 0 0 1 1 1 0 0 1 0 1 1 1 1 1 0 1 1 0 1 0 0 0 1 0 1 1 0 0 1 1 1 1 1 1 0 0
 1 0 0 1 0 0 0 1 1 0 1 0 1 0 0 1 0 1 0 0 1 1 1 0 0 1 1 0 1 0 0 1 1 1 0 0 1
 0 0 1 1 1 0 1 1 1 0 0 1 0 0 0 1 1 0 1 1 1 0 1 1 1 0 0 1 0 1 1 1 0 1 1 1 1
 1 0 0 0 0 0 0 0 1 0 1 1 1 1 0 1 1 1 1 1 1 1 0 1 0 1 1 0 0 1 0 0 0 0 1 0 0
 1 0 1 1 0 1 0 0 1 0 1 1 0 0 0 1 1 1 1 0 0 0 0 0 1 1 1 0 1 0 0 1 1 0 1 0 0
 0 1 0 0 1 0 1 0 1 0 0 0 1 1 1 1 1 1 1 0 0 1 1 1 1 1 0 1 0 0 0 0 1 0 1 1 0
 1 0 1 1 1 0 0 1 1 1 1 1 0 0 1 1 1 0 0 0 0 0 0 0 1 0 1 0 1 1 0 1 0 0 0 1 1
 1 1 0 1 1 1 1 0 0 1 0 1 0 0 0 0 1 1 1 1 1 1 1 0 0 0 1 1 1 1 1 1 0 1 1 0 1
 0 0 1 1 1 1 1 1 0 0 0 1 1 1 1 1 1 1 1 0 1 1 1 0 1 0 1 0 0 0 1 0 1 1 1 0 1
 1 1 0 1 0 1 1 1 1 0 1 1 1 1 0 1 0 0 0 1 0 1 1 1 0 1 1 1 1 0 1 1 1 1 0 1 1
 1 1 0 1 1 0 0 1 0 1 0 0 1 1 1 0 1 1 1 1 1 1 1 1 1 1 0 0 1 0 1 1 1 1 0 1 1
 1 1 0 0 1 1 1 1 1 1 1 0 0 0 0 1 0 0 1 1 0 1 1 0 0 1 1 0 1 1 0 0 0 0 1 0 0
 0 0 1 0 1 1 1 0 0 1 1 1 1 0 1 1 0 0 0 1 1 1 0 1 0 0 0 1 0 0 1 1 1 1 1 1 1
 1 1 1 1 0 1 1 1 0 0 0 1 0 0 1 1 0 1 1 0 1 0 1 0 1 0 1 0 1]

========== Cluster 1 ==========

Labels: [1 1 0 1 0 0 0 0 1 0 0 1 0 0 0 0 1 0 0 0 1 0 1 0 0 1 1 1 0 0 0 0 0 0 0 0 0
 0 1 0 0 0 0 1 0 1 1 1 0 1 0 0 0 1 1 0 1 1 1 0 1 0 0 1 1 0 0 0 0 1 0 1 1 0
 0 0 0 1 0 1 0 0 1 1 0 1 0 1 0 0 1 0 0 0 0 0 1 0 0 0 0 1 0 0 0 1 0 0 1 1 0
 0 1 0 1 0 0 0 0 0 0 0 0 0 0 0 0 0 0 1 0 0 1 0 0 0 1 0 0 0 0 1 1 1 0 1 0 1
 1 0 0 1 0 0 0 0 0 0 1 0 0 0 0 1 0 0 1 0 1 0 0 0 1 0 1 0 1 0 0 0 0 1 0 0 1
 0 0 0 0 0 0 1 0 0 0 0 0 0 1 0 0 0 1 0 0 0 0 0 0 0]

