============== Classifiers Parameters ==============
[{'cost': np.float64(9.716321065064479)}, {'cost': np.float64(2.044944955129764)}]

Optimal clusterer: agglomerative_clustering

External clustering metrics:
adjusted_rand_score: -0.0004360440202858906
normalized_mutual_info_score: 0.0006881739415030968
v_measure_score: 0.0006881739415030968
fowlkes_mallows_score: 0.5029844295272837

Internal clustering metrics:
silhouette: 0.37809466244222295
davies_bouldin: 1.0573594890241536
calinski_harabasz_score: 505.49264591872674

Base classifier: lr
========== Cluster 0 ==========

Labels: [1 0 0 1 1 1 0 0 1 0 1 1 1 1 0 1 1 0 1 0 0 0 0 1 0 0 1 1 1 1 1 0 0 1 0 0 1
 0 0 0 1 1 0 1 0 1 0 0 1 0 0 0 1 1 1 0 0 1 0 1 0 0 1 1 0 0 0 0 1 1 1 1 0 1
 0 0 0 0 0 1 1 0 1 1 1 0 1 1 0 0 1 0 1 0 1 1 1 1 0 0 0 0 0 0 0 0 1 1 0 1 1
 1 1 1 1 1 0 1 0 1 1 0 0 1 0 0 0 0 1 0 0 1 0 1 1 0 0 0 1 0 1 0 0 0 0 1 0 1
 0 0 0 1 1 1 0 0 0 1 1 0 0 1 1 0 1 0 1 1 0 1 0 0 1 1 0 0 1 0 1 1 1 0 0 1 1
 1 1 0 1 0 1 0 1 1 0 0 1 1 0 0 0 0 1 0 1 0 1 0 0 0 0 1 1 0 0 1 0 0 1 0 0 0
 1 1 0 1 0 1 1 0 0 1 1 1 1 1 0 0 1 1 1 0 0 0 0 0 0 0 1 0 1 1 0 0 0 0 1 1 0
 1 1 1 1 0 0 1 0 0 0 0 1 1 1 1 1 0 0 0 1 1 1 1 0 1 0 1 0 0 1 1 1 1 1 0 0 0
 1 1 1 1 1 0 1 1 1 0 1 0 1 0 0 0 1 0 1 0 1 1 1 0 1 0 1 1 1 0 1 1 1 0 1 0 0
 0 1 0 1 1 0 1 1 1 0 1 1 1 0 1 0 1 1 0 0 1 0 0 0 1 1 1 1 1 1 1 1 1 0 1 1 0
 0 1 1 0 1 0 0 0 1 0 0 1 1 1 1 1 0 1 1 1 0 0 0 0 1 0 1 0 0 0 1 0 1 0 1]

========== Cluster 1 ==========

Labels: [1 1 0 1 0 0 0 0 1 1 0 0 1 0 1 1 0 0 1 0 1 0 1 0 0 1 0 1 1 0 0 1 1 1 1 1 0
 0 0 0 0 0 0 1 0 0 0 1 1 0 0 0 1 0 1 0 1 1 1 1 1 1 0 1 0 0 0 1 1 0 1 1 1 1
 1 0 1 1 0 0 1 1 0 0 0 0 1 1 1 0 0 0 0 1 1 1 1 0 0 1 0 0 0 0 0 1 0 0 0 1 0
 1 1 0 1 0 1 0 0 1 1 0 0 1 1 1 1 0 0 1 0 1 1 0 0 0 1 0 1 1 1 1 0 0 0 1 1 1
 0 1 0 1 0 0 0 1 0 0 0 0 1 0 1 0 1 1 1 0 0 0 1 1 1 1 0 1 1 1 0 1 0 0 1 0 0
 1 1 1 0 0 1 0 1 0 0 0 1 0 0 0 1 0 0 1 0 1 0 0 0 0 0 1 0 0 1 1 0 0 1 1 1 1
 0 1 0 0 1 0 0 1 1 0 1 1 0 1 1 1 0 1 0 1 1 1 0 1 0 1 0 0 1 0 0 1 0 0 1 0 0
 0 0 1 1 1 1 0 1 1 1 0 1 0 1 0 1 0 0 1 1 1 0 0 1 0 1 0 0 0 0 1 1 0 1 1 0 1
 1 1 0 1 0 0 1 0 1 0 1 0 0 1 0 1 0 0 0]

