Accuracy: 0.7792207792207793
Recall: 0.7777777777777778
Precision: 0.5185185185185185
F1: 0.6222222222222222

AUC: 0.8548148148148148

