Accuracy: 0.5135135135135135
Recall: 0.5135135135135135
Precision: 0.5382441264794207
F1: 0.5194208494208494

AUC: 0.6592961667695957

