Accuracy: 0.46258503401360546
Recall: 0.46258503401360546
Precision: 0.4762794006491486
F1: 0.4660005809672429

AUC: 0.6847774917604822

