Accuracy: 0.4965986394557823
Recall: 0.4965986394557823
Precision: 0.5109599395313681
F1: 0.5020420300145035

AUC: 0.665903731907436

