Accuracy: 0.5238095238095238
Recall: 0.5238095238095238
Precision: 0.5349123776494725
F1: 0.5283359497645211

AUC: 0.7260064733850301

