Accuracy: 0.5510204081632653
Recall: 0.5510204081632653
Precision: 0.5629628474766529
F1: 0.5559578670177748

AUC: 0.6950834006294349

