Accuracy: 0.5202702702702703
Recall: 0.5202702702702703
Precision: 0.5482468035836157
F1: 0.5267999816363971

AUC: 0.7185682361005132

