Accuracy: 0.581081081081081
Recall: 0.581081081081081
Precision: 0.6127829510182452
F1: 0.5896468736569819

AUC: 0.7696024053800695

