Accuracy: 0.47619047619047616
Recall: 0.47619047619047616
Precision: 0.5975885303616396
F1: 0.5099392614188533

AUC: 0.6758700401124477

