Accuracy: 0.46938775510204084
Recall: 0.46938775510204084
Precision: 0.4821928771508603
F1: 0.47460677948187036

AUC: 0.6610700943499853

