Accuracy: 0.5034013605442177
Recall: 0.5034013605442177
Precision: 0.5189821960530244
F1: 0.5077501399202599

AUC: 0.7132035695724329

