Accuracy: 0.7012987012987013
Recall: 0.6428571428571429
Precision: 0.3333333333333333
F1: 0.43902439024390244

AUC: 0.7822222222222223

