Accuracy: 0.7272727272727273
Recall: 0.6153846153846154
Precision: 0.5925925925925926
F1: 0.6037735849056604

AUC: 0.7792592592592592

