============== Classifiers Parameters ==============
[{'cost': np.float64(41.117489992331485), 'gamma': np.float64(33.56875883687496)}, {'cost': np.float64(620.0999474321068), 'gamma': np.float64(6.430881454156207)}]

Optimal clusterer: agglomerative_clustering

External clustering metrics:
adjusted_rand_score: 0.0026863319944723553
normalized_mutual_info_score: 0.0033791355848635193
v_measure_score: 0.00337913558486352
fowlkes_mallows_score: 0.5430368739744528

Internal clustering metrics:
silhouette: 0.36513663860530565
davies_bouldin: 0.9231615486231051
calinski_harabasz_score: 704.3550087552577

Base classifier: svm
========== Cluster 0 ==========

Labels: [1 1 1 1 1 1 0 1 1 1 0 1 1 1 0 1 0 0 0 1 1 0 0 0 0 0 1 0 1 1 0 1 1 0 1 0 0
 1 0 0 1 1 0 1 0 0 1 0 0 1 0 1 0 0 0 1 1 0 1 0 1 0 1 0 0 1 1 0 1 1 1 1 0 0
 0 0 1 0 0 0 0 1 1 1 0 1 1 0 0 0 0 0 0 1 0 1 1 0 1 0 1 1 0 1 0 0 1 0 1 1 1
 1 1 1 1 0 1 0 0 0 0 1 0 0 0 0 1 0 1 1 0 0 1 1 1 1 0 0 0 0 1 0 1 1 1 1 1 1
 0 0 1 1 0 1 1 1 0 1 1 0 1 0 1 1 0 0 0 1 0 0 0 0 1 0 0 0 0 0 1 1 0 0 0 1 1
 0 0 0 1 0 1 0 1 1 0 0 1 0 1 1 1 0 0 0 0 0 0 1 0 1 1 0 1 1 1 1 1 1 0 0 0 0
 1 0 0 1 1 1 1 1 1 0 0 0 0 0 1 1 0 1 0 0 1 0 0 0 0 0 0 0 1 1 0 0 0 1 0 0 0
 0 1 1 0 1 0 1 0 1 0 0 0 1 1 0 0 1 1 1 1 1 0 1 1 1 1 1 1 0 1 0 1 0 0 0 1 0
 0 0 0 0 0 1 0 1 1 1 1 1 1 1 1 0 0 1 0 0 1 1 0 0 0 1 0 1 0 0 1 1 1 1 0 0 1
 0 0 0 0 1 1 1 0 0 0 0 1 1 1 0 1 1 1 1 0 1 1 0 1 0 0 1 0 1 0 1 1 0 0 1 1 0
 0 0 1 0 1 0 0 0 0 0 1 1 1 0 0 0 1 1 1 0 0 0 0 1 1 0 1 0 1 0 1 1 1 1 1 1 1
 1 1 1 1 1 1 1 1 1 1 1 0 0 0 0 0 0 0 0 0 1 1 0 1 1 0 0 0 0 0 0 1 1 1 1 1 0
 1 1 1 1 0 1 1 1 1 1 1 0 1 0 1 0 1 0 1 1 0 1 1 0 1 1 0 1 0 1 1 0 1 1 0 0 0
 1 1 0 0 1 1 1 1 1 1 1 1 1 1 1 0 0 0 1 0 0 1 1 1 1 1 1 0 1 1 1 0 1 1 0 1 1
 1 1 1 1 1 1 0 1 1 1 1 0 0 1 1 0 1 0 1 0 0 1 0 0 0 0 0 1 0 1 1 1 0 1 0 0 0
 0 0 1 0 1 0 1 1 1 0 1 0 1 0 1 1 1 0 0 1 1 0 1 1 0 0 1 0 0 1 1 0 0 0 0 1 1
 0 0 0 1 0 0 1 1 1 1 1 1 1 1 0 1 1 0 1 0 1 1 1 0 0 0 0 0 1 0 0 0 0 1 0 1 0
 1 1 0 0 0 0 1 0 1 0]

========== Cluster 1 ==========

Labels: [0 1 1 0 1 1 0 0 1 0 1 0 1 1 1 0 0 0 1 0 0 1 1 1 1 0 1 1 0 0 1 1 0 0 0 1 1
 1 0 1 1 1 1 1 1 1 1 1 0 1 0 0 1 0 1 0 1 0 0 1 0 0 1 0 1 0 1 0 1 0 1 0 0 1
 1 0 0 1 1 1 0 0 1 0 0 0 1 1 0 0 0 1 1 0 0 1 0 0 0 1 0 1 1 0 0 1 1 0 0 0 0
 0 0 0 1 0 1 0 0 0 0 0 1 1 1 1 0 0 1 0 1 1 0 0 0 0 0 1 1 1 0 0 1 1 0 0 0 0
 0 1 1 0 0 0 0 0 0 0 1 1 0 0 1 0 0 1 0 0 1 0 0 1 1 1 1 1 1 1 1 1 1 1 0 0 0
 0 0 0 0 0 0 0 0 0 1 0 1 1 1 0 0 1 0 1 0 1 1 1 1 1 1 0 1 0 1 0 0 1 0 0 0 0
 0 0 1 1 0 0 1 0 0 0 1 1 0 1 1 0 0 1 0 0 1 0 1 1 0 1 0 0 1 0 0 0 0 0 1 0 0
 0 0]

