============== Classifiers Parameters ==============
[{'cost': np.float64(615.8676096473752), 'gamma': np.float64(28.79133592378969)}, {'cost': np.float64(910.2431130838746), 'gamma': np.float64(28.611414150158303)}, {'cost': np.float64(586.7654700419907), 'gamma': np.float64(3.868946044914196)}]

Optimal clusterer: agglomerative_clustering

External clustering metrics:
adjusted_rand_score: 0.0012793970356166336
normalized_mutual_info_score: 0.0017252150136232941
v_measure_score: 0.001725215013623294
fowlkes_mallows_score: 0.500128671541057

Internal clustering metrics:
silhouette: 0.37737903374358
davies_bouldin: 0.9472699506135362
calinski_harabasz_score: 868.974536936527

Base classifier: svm
========== Cluster 0 ==========

Labels: [1 1 1 1 1 1 0 1 1 1 0 1 1 1 0 1 0 0 0 1 0 0 0 1 0 1 0 1 1 0 0 0 0 1 1 0 1
 0 0 1 0 0 1 0 0 0 1 0 1 1 0 1 0 0 1 0 1 1 1 0 0 0 0 0 1 1 1 0 1 0 0 0 0 0
 0 1 0 1 1 0 1 0 0 0 1 1 1 1 0 0 0 0 1 0 1 0 1 1 0 0 1 1 0 0 1 0 1 1 1 1 0
 1 0 1 1 1 0 1 1 0 1 0 0 0 1 0 0 0 1 0 0 0 0 1 1 0 0 0 1 0 0 1 0 1 0 1 1 0
 1 1 1 0 0 0 1 0 0 0 0 0 1 1 1 0 0 1 1 0 1 0 0 1 0 0 0 0 0 0 0 1 1 0 0 0 0
 0 0 1 1 0 0 0 0 1 1 0 0 1 1 1 0 1 1 1 1 1 0 1 0 1 0 0 0 0 0 0 1 0 1 1 1 1
 1 0 0 1 0 0 1 1 0 0 1 0 0 1 1 1 1 1 1 1 1 1 1 1 1 0 0 0 0 0 0 0 0 0 0 0 0
 0 1 1 0 0 1 0 0 1 0 0 0 1 0 1 0 1 0 0 0 1 1 1 0 0 0 1 0 1 1 1 1 0 1 1 1 1
 0 0 0 1 1 0 1 0 1 1 0 1 0 0 0 0 0 1 1 1 1 0 1 1 1 1 1 1 0 1 0 1 1 1 1 1 1
 0 1 0 0 1 1 1 0 0 0 1 1 0 0 1 1 1 1 1 1 1 1 0 0 0 0 1 1 1 1 0 1 0 1 1 0 1
 1 1 1 1 0 1 1 0 0 1 0 1 0 1 0 0 0 0 0 0 1 0 1 1 1 0 1 0 0 0 0 0 1 0 0 0 0
 0 0 1 0 1 0 0 1 0 0 0 0 1 0 0 0 1 0 1 1 1 1 1 1 0 0 1 0 1 1 0 0 0 0 1 0 0
 0 1 0 1 0 1 0 0 0 0 1 0]

========== Cluster 1 ==========

Labels: [0 1 0 1 0 1 1 0 1 0 0 0 1 1 0 0 1 1 1 0 1 0 1 1 1 0 0 1 1 1 0 0 0 1 0 1 1
 1 1 1 1 0 1 1 0 1 0 1 1 0 0 1 1 1 1 0 1 1 1 1 0 1 0 0 0 0 1 0 0 1 1 1 0 0
 0 1 0 1 0 0 1 1 0 1 1 0 1 1 0 0 1 0 0 0 1 0 1 1 0 1 1 0 0 0 0 0 0 0 0 1 1
 0 1 0 0 0 0 1 1 1 1 1 1 1 1 1 0 0 0 1 1 1 0 0 1 0 0 1 1 0 0 0 0 0 0 0 1 1
 0 0 0 0 1 1 1 0 1 1 0 1 0 1 0 1 1 0 1 1 0 0 1 0 0 0 1 1 1 1 0 0 0 0 1 1 1
 1 1 1 0 0 0 1 1 1 1 0 0 0 0 0 0 0 0 0 0 1 1 0 1 0 1 1 1 1 1 1 1 1 1 0 1 1
 0 1 1 0 0 0 1 1 0 1 1 1 0 0 1 1 0 0 1 0 0 0 1 1 0 1 0 1 1 1 1 0 0 0 1 0 1
 1 1 0 0 1 1 1 1 1 0 1 1 1 1 0 1 1 1 0 0 1 0 1 1 1 1 1 1 0 0 0 0 1 1 0 1 0
 1 1 0 1 1 1 0 1 1 0 1 1 0 1 0 1 0 1 0 1 0 0 1 0 1 1 0 1 1 1 1 1 1 1 0 1 0
 0 1 0 0 1 0 0 0 0 1 0 1 0 0 0]

========== Cluster 2 ==========

Labels: [1 1 0 1 0 0 1 1 1 0 0 1 1 0 1 1 1 0 1 0 1 1 0 0 1 0 1 0 1 1 0 0 1 0 1 1 0
 0 0 0 0 1 1 0 1 0 0 0 1 1 1 0 0 1 0 0 0 1 0 0 0 0 1 0 1 1 0 1 0 0 1 0 0 0
 0 1 1 0 0 1 1 1 1 0 1 0 1 1 1 1 0 0 1 0 0 0]

