============== Classifiers Parameters ==============
[{'cost': np.float64(0.9592016815288806)}, {'cost': np.float64(3.332519860628403)}, {'cost': np.float64(0.861236057026785)}]

Optimal clusterer: mini_batch_kmeans

External clustering metrics:
adjusted_rand_score: 0.1818618790769299
normalized_mutual_info_score: 0.13746306347307174
v_measure_score: 0.13746306347307174
fowlkes_mallows_score: 0.5914295692242127

Internal clustering metrics:
silhouette: 0.29347889864174653
davies_bouldin: 1.3837786822120224
calinski_harabasz_score: 306.42818158991406

Base classifier: lr
========== Cluster 0 ==========

Labels: [1 0 0 1 0 0 0 0 1 0 0 0 0 0 0 0 1 0 0 0 0 0 1 0 0 0 0 0 1 0 0 0 0 1 0 1 0
 0 0 0 0 0 0 0 0 0 1 0 0 0 1 0 0 0 0 0 0 0 0 0 1 1 0 0 1 1 0 1 0 0 0 0 0 0
 0 0 1 0 0 0 0 0 0 0 0 0 0 0 0 0 1 0 0 1 0 1 0 0 0 1 0 0 0 1 0 1 0 0 0 0 0
 0 0 0 0 0 0 0 0 0 0 0 0 0 0 0 0 0 0 0 0 0 0 0 0 0 1 0 0 1 1 0 0 0 0 0 1 0
 1 0 0 0 0 0 1 0 1 0 0 0 0 0 0 0 0 0 0 1 1 0 1 0 0 0 0 1 0 1 0 1 0 0 0 0 0
 0 0 0 0 0 0 0 1 0 1 0 0 0 0 0 0 0 0 0 0 0 0 0 0 0 0 0 1 1 0 0 0 0 0 0 0 1]

========== Cluster 1 ==========

Labels: [0 1 1 1 0 1 1 1 1 1 1 1 1 1 0 1 0 0 1 1 1 0 1 0 1 1 0 0 1 1 0 1 1 1 0 0 0
 0 1 1 1 1 1 1 0 1 1 1 1 1 0 0 0 1 1 1 1 1 1 1 0 1 0 0 1 1 0 0 1 0 1 1 1 1
 1 1 1 0 1 1 1 0 1 1 1 1 1 1 1 0 1 1 1 1 1 1 0 0 1 1 0 0 1 1 0 1 1 1 1 1 0
 0 0 1 1 0 1 0 1 1 1 0 1 1 1 0 1 1 1 1 0 1 0 1 1 1 1 1 1 1 1 1 1 0 1 1 1 0
 1 1 1 1 0 1 1 0 0 0 1 1 1 1 1 0 1 1 1 1 1 1 1 1 1 1 1 1 0 1 0 1 0 0 0 1 0
 1 1 1 1 1 1 1 1 1 0 1 1 1 1 1 1 1 1 0 1 0 1 1 0 0 1 0 1 0]

========== Cluster 2 ==========

Labels: [1 1 0 1 0 1 1 0 0 1 1 1 1 0 1 1 0 1 1 0 1 0 1 1 0 1 1 1 1 1 1 0 0 0 0 0 1
 1 1 0 0 0 1 1 0 0 0 1 0 1 0 1 1 1 1 1 1 0 1 0 0 0 1 1 1 1 1 1 1 0 1 1 1 0
 0 0 1 1 0 0 1 1 1 1 0 0 0 1 1 1 1 0 1 0 0 0 0 1 0 0 0 1 0 1 1 1 0 1 0 0 1
 1 0 1 1 1 1 0 0 1 0 1 1 0 1 0 1 1 1 1 0 0 1 1 1 0 1 0 1 0 1 0 0 1 0 0 0 1
 0 0 1 1 1 1 0 1 1 1 1 1 1 1 1 1 1 1 0 0 0 0 0 0 1 0 1 0 1 0 1 1 1 1 0 1 1
 1 1 1 0 1 1 1 0 1 1 0 0 1 0 0 1 0 1 0 0 1 1 1 1 0 1 1 1 1 1 0 1 0 0 1 1 1
 1 1 1 1 1 0 1 1 0 1 0 0 0 1 1 0 1 0 0 1 0 1 1 1 1 0 1 1 0 0 0 1 0 1 0 0 0
 1 1 0 1 1 0 1 1 1 1 0 1 0 0 1 0 1 1 0 1 0 1 0 0 0]

