============== Classifiers Parameters ==============
[{'cost': np.float64(1.4823285800665276)}, {'cost': np.float64(4.162980878505943)}]

Optimal clusterer: agglomerative_clustering

External clustering metrics:
adjusted_rand_score: 0.033575581871620686
normalized_mutual_info_score: 0.03487371785710714
v_measure_score: 0.03487371785710714
fowlkes_mallows_score: 0.5646667857642076

Internal clustering metrics:
silhouette: 0.31262496996842387
davies_bouldin: 1.0433999333418318
calinski_harabasz_score: 346.0812374864778

Base classifier: lr
========== Cluster 0 ==========

Labels: [1 1 1 0 1 0 1 1 0 1 0 0 0 0 1 1 1 1 0 0 1 0 1 0 1 1 0 0 0 1 1 1 1 1 0 1 0
 0 1 0 1 1 0 0 1 1 0 0 0 0 1 1 1 0 1 1 0 0 0 1 1 1 1 1 1 0 1 1 0 0 0 0 0 1
 0 0 1 0 0 1 0 1 1 0 0 0 1 1 0 1 0 1 0 1 1 1 1 0 1 1 0 1 0 1 1 1 0 1 1 1 1
 1 0 1 0 0 0 0 1 1 0 0 1 0 1 1 1 1 1 0 1 1 1 1 1 0 1 0 1 1 0 1 0 1 1 0 0 0
 0 1 0 1 1 1 0 1 1 1 0 0 0 1 0 0 0 1 1 1 1 0 0 0 1 0 0 1 0 0 0 0 1 1 0 1 0
 0 1 0 1 0 1 1 0 1 1 0 0 1 1 0 1 0 0 1 1 1 1 0 0 0 1 1 1 1 1 1 1 0 0 1 1 1
 0 1 1 0 1 1 0 0 0 1 1 0 1 1 1 1 1 0 0 0 0 1 1 1 1 1 0 0 0 1 0 1 0 1 0 0 1
 1 0 0 0 0 0 1 0 0 1 0 0 1 1 1 0 1 0 0 1 1 1 0 1 0 1 1 1 1 0 0 1 0 0 1 0 0
 1 0 1 1 1 1 1 1 0 1 1 0 0 1 1 0 1 0 1 0 0 0 0 1 0 1 0 0 0 1 0 0 1 1 1 1 1
 1 1 1 1 1 1 1 1 1 1 1 1 0 0 0 0 0 0 1 1 1 0 1 0 1 0 0 1 0 1 0 1 0 0 0 1 0
 1 1 1 1 0 1 1 1 1 1 0 1 1 1 0 1 0 1 0 1 1 0 0 1 0 0 0 0 1 1 1 0 1 1 1 1 1
 1 1 1 1 1 0 0 0 1 0 1 1 1 1 1 0 1 1 1 1 0 0 1 0 0 1 1 0 1 1 1 0 0 0 1 0 1
 1 0 1 1 0 1 1 1 1 0 1 0 0 0 1 1 1 1 0 0 1 1 1 1 0 0 1 1 0 1 1 1 0 0 0 1 0
 1 0 0 0 1 1 1 1 0 1 1 1 0 1 1 1 1 0 1 1 0 0 0 1 0 0 1 1 0 1 0 1 0 0 0 1 0
 1 1 1 0 0 1 0]

========== Cluster 1 ==========

Labels: [0 1 0 0 1 1 0 1 1 0 0 0 0 1 0 1 0 0 1 0 0 0 1 1 0 0 0 1 0 0 1 0 0 0 1 0 0
 0 0 0 1 0 0 0 0 1 1 1 0 0 0 0 0 0 1 1 1 1 1 0 0 0 0 0 0 1 0 0 0 0 1 0 0 0
 0 1 0 0 1 1 0 0 1 0 0 1 0 0 0 0 1 0 0 1 0 1 0 0 0 0 0 0 1 0 1 0 0 1 0 0 1
 0 0 0 1 1 0 1 1 0 0 0 0 0 0 1 1 0 0 0 1 1 1 1 1 0 0 0 0 0 1 1 0 1 1 0 0 0
 1 0 1 1 0 0 1 0 1 0 0 1 0 1 1 0 0 1 0 0 0 0 0 0 0 0 0 0 0 0 0 1 0 0 0 0 0
 1 1 0 0 0 1 0 0 0 0]

