============== Classifiers Parameters ==============
[{'cost': np.float64(4.382900771942106)}, {'cost': np.float64(0.3555597321170497)}, {'cost': np.float64(6.466426117738566)}, {'cost': np.float64(3.248766081381646)}]

Optimal clusterer: kmeans

External clustering metrics:
adjusted_rand_score: 0.0026955855348530264
normalized_mutual_info_score: 0.0029489092891121916
v_measure_score: 0.0029489092891121916
fowlkes_mallows_score: 0.5008102782478592

Internal clustering metrics:
silhouette: 0.3970384207406708
davies_bouldin: 1.0175485805664573
calinski_harabasz_score: 556.9610180332455

Base classifier: lr
========== Cluster 0 ==========

Labels: [1 1 1 0 0 0 1 0 0 0 0 1 0 0 0 1 0 1 0 0 0 0 1 0 0 0 1 0 0 0 0 0 0 0 1 0 1
 0 0 1 0 0 1 0 1 0 1 1 0 1 0 0 0 1 0 1 1 0 1 1 0 1 0 0 1 1 0 0 0 0 1 0 1 0
 0 0 0 1 0 0 0 0 0 0 0 0 1 0 0 0 1 0 0 0 1 0 1 0 0 1 0 0 1 0 1 0 0 1 1 0 0
 0 0 0 0 0 0 1 0 0 0 0 0 0 0 0 1 0 0 1 0 1 0 0 0 1 0 0 0 0 0 0 0 0 0 0 0 0
 0 0 1 0 0 0 0 1 1 1 0 0 1 0 1 0 1 0 0 0 0 0 1 0 0 0 0 1 0 1 0 0 1 0 0 0 1
 1 1 0 0 0 0 1 0 0 0 1 0 1 1 0 0]

========== Cluster 1 ==========

Labels: [0 1 1 1 0 1 1 1 1 1 1 1 0 1 0 1 1 0 0 1 0 1 1 0 0 1 1 0 1 1 1 0 0 1 1 1 1
 1 0 0 1 1 1 1 0 0 0 1 1 1 1 1 1 1 1 0 1 0 0 1 1 0 1 1 1 1 1 1 0 1 1 0 1 1
 1 0 1 1 1 1 1 0 1 1 1 1 1 1 0 0 0 1 1 0 0 1 1 0 0 1 1 0 1 1 1 1 1 1 1 1 1
 1 1 1 0 1 0 0 1 1 1 1 1 0 1 1 1 1 0 1 1 1 1 1 0 1 1 0 1 1 1 0 1 1 1 1 0 1
 1 1 1 1 1 1 1 1 1 0 1 1 1 0 1 1 1 1 0 1 0 1 0 0 1 1 1 1 0 1 1 1 1 1 1 1 1
 1 1 1 0 1 0 1 0 0 0 1 0 1]

========== Cluster 2 ==========

Labels: [0 0 0 0 0 0 0 0 1 0 1 0 0 1 0 0 0 1 0 0 0 1 0 1 0 0 0 0 0 0 0 1 0 0 1 0 0
 1 0 0 0 0 0 0 1 0 0 0 0 0 1 0 0 0 1 0 0 0 0 0 0 0 0 0 0 1 0 0 1 0 1 0 0 0
 1 0 0 1 0 0 0 0 0 0 0 0 0 0 0 0 0 0 0 0 0 0 0 0 0 0 0 1 1 0 0 0 0 0 1 0 0
 0 1 0 0 1 0 0 0 1 1 0 0 1 1 0 0 0 0 0 1 0 0 0 0 1 0 0 0 1 0 1 0 1 0 0 0 1
 0 0 0 1 0 0 1 0 0 0 0 0 0 0 0 0 0 0 0 0]

========== Cluster 3 ==========

Labels: [1 1 0 0 1 1 1 1 1 1 1 1 1 1 1 1 1 1 1 1 0 1 0 1 0 1 1 1 1 1 1 1 1 1 1 1 0
 1 1 1 1 1 1 0 0 1 0 1 1 1 0 1 0 1 1 1 1 1 1 0 1 1 0 1 1 1 0 1 1 0 0 1 1 1
 0 1 1 1 1 1 1 1 1 0 1 1 1 0 1 0 1 1 1 1 1 1 1 0 0 1 0 1 1 1 1 1 1 1 1 1 0
 1 1 1 1 1 1 1 1 0 1 1 0 1 1 1 1 1 1 1 1 1 1 1 1 1 1 1 1 1 1 0 0 1 1 1 1 1
 1 0 1 1 0]

