============== Classifiers Parameters ==============
[{'cost': np.float64(424.9646710111814), 'gamma': np.float64(38.85528832836894)}, {'cost': np.float64(734.7706560871811), 'gamma': np.float64(103.57070080539809)}]

Optimal clusterer: agglomerative_clustering

External clustering metrics:
adjusted_rand_score: 0.004866278820451979
normalized_mutual_info_score: 0.0059634898820319065
v_measure_score: 0.005963489882031907
fowlkes_mallows_score: 0.5582434250004072

Internal clustering metrics:
silhouette: 0.35276607051951325
davies_bouldin: 0.9164320531898283
calinski_harabasz_score: 632.9908351544286

Base classifier: svm
========== Cluster 0 ==========

Labels: [1 1 1 1 0 1 1 0 1 1 1 0 1 1 1 0 1 0 0 0 1 1 0 0 0 1 0 0 1 0 1 1 0 1 1 0 1
 0 0 1 0 0 1 1 0 1 0 0 1 0 0 1 0 1 0 0 0 1 1 0 0 1 0 1 0 1 0 0 1 1 0 1 1 1
 1 1 1 1 0 0 0 0 1 0 0 0 0 1 1 1 0 1 1 0 0 0 0 0 0 1 0 1 1 0 1 0 1 1 0 1 0
 0 1 0 1 1 1 1 1 1 1 0 1 0 0 0 0 0 1 0 0 0 1 1 0 1 0 1 0 0 1 0 0 0 0 0 0 0
 1 0 1 1 0 1 1 1 1 1 1 0 0 0 0 1 1 0 0 1 1 0 1 1 1 1 0 0 0 0 0 1 1 0 1 0 0
 1 0 0 0 0 0 0 1 0 0 0 1 1 1 0 0 0 1 0 0 0 0 1 1 0 1 0 1 0 1 0 0 0 1 1 0 0
 1 1 1 1 1 0 0 1 1 1 1 1 1 0 1 0 1 0 0 0 1 0 0 0 0 0 1 0 1 1 1 1 1 1 1 1 0
 0 1 0 0 1 1 0 0 0 1 0 1 0 0 1 1 1 0 0 1 0 0 0 0 1 1 1 0 0 0 0 1 1 1 0 0 1
 1 1 1 0 1 1 0 1 0 0 1 0 1 0 1 1 0 1 1 0 0 0 1 0 1 0 0 0 0 0 1 1 1 0 0 0 1
 0 1 1 0 0 0 0 1 1 1 0 1 0 0 1 0 0 0 0 1 0 0 0 1 1 1 0 1 0 1 1 1 1 0 0 1 0
 0 1 1 1 0 0 1 1 1 1 1 1 0 1 0 1 1 1 1 0 0 1 0 0 1 0 1 0 0 0 0 1 1 0 1 1 1
 1 1 1 0 1 0 1 1 1 0 0 0 0 1 1 1 1 0 0 0 1 0 1 1 1 0 1 0 1 1 1 1 0 0 0 1 1
 1 1 1 0 0 1 1 0 0 0 1 1 0 1 1 0 0 0 0 0 1 1 1 1 1 1 0 1 1 1 1 0 1 1 1 1 1
 1 0 1 0 1 0 1 0 1 1 0 1 1 0 1 1 0 0 1 1 0 1 1 0 0 0 1 1 0 0 1 1 1 1 1 1 1
 1 1 1 1 1 0 0 0 1 0 0 1 1 1 1 1 1 1 0 1 1 1 0 1 1 0 1 1 1 1 1 1 1 1 0 1 1
 1 1 0 0 1 1 0 1 0 1 0 0 1 0 1 0 0 0 0 1 0 1 1 1 1 0 1 0 0 0 0 0 1 0 1 0 1
 1 0 1 0 1 0 1 1 1 0 0 1 1 0 1 1 0 0 1 0 0 1 1 0 0 0 0 1 1 0 0 0 1 0 0 1 1
 1 1 1 1 1 1 1 0 1 1 0 1 0 1 1 1 0 0 0 0 0 1 0 0 0 0 1 0 1 0 1 1 0 0 0 0 0
 1 0 1 0]

========== Cluster 1 ==========

Labels: [1 1 0 1 1 0 0 1 0 1 0 1 1 0 0 0 1 0 0 1 1 1 1 0 1 1 0 0 1 1 0 0 1 1 0 1 1
 1 1 1 1 1 0 1 0 0 1 0 1 0 0 0 0 0 1 0 0 0 1 0 1 0 1 1 0 0 0 0 0 0 0 0 0 0
 0 1 1 1 1 0 1 0 1 1 0 0 0 0 0 0 1 1 1 0 0 1 1 0 0 0 0 0 1 1 1 0 0 0 0 0 0
 0 1 1 0 0 1 0 0 1 0 0 1 0 1 0 1 0 0 1 1 0 0 1 0 0 1 1 0 1 0 0 1 0 1 1 1 1
 0 1 0 1 0 0 0 1 1 0 0 1 1 0 0 0 0 0 0 0 0 1 1 1 0 0 1 1 0 1 0 1 1 1 1 0 1
 0 1 0 0 1 0 0 0 0 0 0 0 1 0 1 0 0 0 1 1 0 1 1 0 0 1 0 0 1 0 1 0 1 0 0 1 0
 0 0 0 0 1 0 0 0]

