============== Classifiers Parameters ==============
[{'cost': np.float64(288.930481188469), 'gamma': np.float64(57.79603786036293)}, {'cost': np.float64(939.4399295372568), 'gamma': np.float64(56.33601326536893)}, {'cost': np.float64(545.3924708239542), 'gamma': np.float64(695.2484988243808)}]

Optimal clusterer: agglomerative_clustering

External clustering metrics:
adjusted_rand_score: 0.01174608053513921
normalized_mutual_info_score: 0.00929588371235124
v_measure_score: 0.009295883712351242
fowlkes_mallows_score: 0.5055297780870213

Internal clustering metrics:
silhouette: 0.36281725272112003
davies_bouldin: 0.9717385702871257
calinski_harabasz_score: 814.7447456177374

Base classifier: svm
========== Cluster 0 ==========

Labels: [1 1 1 1 1 1 0 1 1 1 0 1 1 0 1 0 0 0 1 0 0 0 1 0 1 0 1 0 1 0 0 0 1 1 0 1 0
 0 1 0 0 1 0 0 0 0 0 1 1 1 0 0 1 1 0 1 1 1 0 0 0 0 1 1 1 0 0 0 0 0 0 0 0 1
 0 1 0 1 0 0 0 1 1 1 0 0 0 0 0 0 0 1 0 1 0 0 1 0 0 1 0 1 1 1 1 0 1 0 1 1 0
 1 0 1 0 0 0 1 0 0 0 1 0 0 0 1 0 0 0 1 0 0 1 0 1 0 1 1 0 1 0 1 1 1 0 0 0 1
 0 0 1 0 0 0 0 0 1 1 1 0 0 1 1 0 1 0 0 1 0 0 0 0 0 0 1 0 0 0 0 0 0 1 1 1 1
 1 1 1 1 1 1 0 0 0 0 0 0 0 0 0 0 0 0 1 1 0 1 0 0 0 1 0 1 0 0 0 0 0 1 1 0 0
 1 1 0 0 0 0 1 0 1 0 1 0 0 0 0 0 0 1 1 1 1 1 0 1 0 0 0 1 0 0 1 1 0 0 1 0 0
 1 0 0 0 0 1 0 1 0 1 0 0 0 1 1 1 0 0 0 1 0 1 1 1 0 1 1 1 0 0 0 1 1 0 1 0 1
 1 0 1 0 0 0 0 1 1 1 0 1 1 1 1 1 1 0 1 0 1 1 0 1 1 1 1 0 1 0 0 1 1 1 0 0 0
 1 1 0 0 1 1 1 1 1 1 1 0 0 0 0 1 1 1 0 1 0 1 1 0 1 1 1 1 0 1 1 0 0 1 0 1 0
 1 0 0 0 0 0 0 1 0 1 1 0 1 0 0 0 0 1 0 0 0 0 0 0 1 0 1 0 0 1 0 0 0 0 1 0 0
 0 1 0 1 1 1 1 1 1 0 0 1 0 1 1 0 0 0 1 0 0 0 1 0 1 0 0 0 1 0]

========== Cluster 1 ==========

Labels: [0 1 0 1 1 0 1 1 0 1 0 0 0 1 1 0 0 1 1 1 0 1 0 1 1 1 0 1 1 1 1 1 0 0 0 0 0
 1 1 1 1 1 1 1 0 0 1 1 0 1 0 1 1 1 1 0 1 1 1 1 0 1 1 1 1 1 1 1 0 1 0 0 1 1
 0 1 0 1 1 1 1 0 0 0 1 1 0 1 0 0 1 1 0 1 1 0 1 1 0 1 1 0 0 1 0 0 0 0 1 1 0
 1 1 0 1 1 0 0 0 0 1 0 0 0 1 0 1 0 0 0 0 1 1 1 1 1 1 1 1 0 0 1 1 1 0 1 0 0
 1 1 0 0 0 0 0 0 0 0 1 1 0 0 1 0 0 0 1 1 1 1 1 1 1 1 1 0 0 0 0 0 0 0 0 1 1
 0 1 0 0 1 1 0 0 1 1 1 0 0 0 1 1 0 1 0 1 0 1 0 0 1 1 0 1 1 0 0 1 1 0 0 1 1
 0 1 1 1 1 1 1 0 1 1 0 1 1 1 0 1 1 1 1 1 1 1 1 1 1 0 1 1 0 1 1 0 0 0 1 1 1
 1 0 1 1 1 0 0 1 1 1 0 0 0 1 0 0 0 0 1 1 1 0 1 0 1 1 1 1 0 0 1 0 1 1 1 0 0
 1 1 1 1 1 1 1 0 1 1 1 1 1 1 0 1 1 1 0 0 1 0 1 1 1 1 1 1 1 0 0 0 0 1 1 0 1
 1 0 0 1 1 0 1 1 1 0 1 1 0 1 1 1 0 1 0 1 0 1 0 1 0 0 1 0 1 1 0 1 1 1 1 1 1
 1 0 1 0 0 0 1 0 0 1 0 1 0 0 0 0 0 1 0 1 0 0 0]

========== Cluster 2 ==========

Labels: [1 1 0 1 0 0 1 1 0 0 1 0 1 1 0 0 1 0 1 0 1 0 1 0 0 1 0 1 1 0 0 0 0 1 0 0 1
 0 0 0 0 1 0 1 1 0 1 0 0 0 0 0 1 1 0 0 1 1 0 1 0 1 1 1 0 0 1 0 0 0]

