============== Classifiers Parameters ==============
[{'cost': np.float64(309.63447488290285), 'gamma': np.float64(25.31072857741471)}, {'cost': np.float64(197.65876627514183), 'gamma': np.float64(27.076240153957713)}, {'cost': np.float64(912.8888830514985), 'gamma': np.float64(498.75261669070386)}]

Optimal clusterer: agglomerative_clustering

External clustering metrics:
adjusted_rand_score: -0.0008117778052703204
normalized_mutual_info_score: 0.00015042176087919854
v_measure_score: 0.00015042176087919857
fowlkes_mallows_score: 0.5261331477810328

Internal clustering metrics:
silhouette: 0.37085918143092045
davies_bouldin: 0.9356404400922963
calinski_harabasz_score: 761.1242670989839

Base classifier: svm
========== Cluster 0 ==========

Labels: [0 1 1 0 1 1 0 0 1 0 1 0 1 1 1 0 0 0 1 1 0 0 1 1 1 1 0 1 1 0 0 1 1 0 0 0 1
 1 1 0 1 1 1 1 1 1 1 1 1 1 0 1 0 1 0 1 0 1 0 1 0 0 1 0 0 1 1 0 1 0 1 0 1 0
 1 0 0 1 1 0 0 1 1 0 0 1 0 0 0 0 1 1 0 0 0 1 1 0 0 0 1 0 0 0 1 0 1 1 0 1 0
 0 1 1 0 0 0 0 0 0 0 1 0 1 0 0 0 0 0 1 1 1 0 1 1 0 0 1 0 1 1 0 0 1 0 0 0 1
 1 1 0 1 0 1 1 0 0 0 0 0 1 1 1 1 0 0 0 0 0 0 0 0 1 1 0 0 1 0 0 1 1 0 1 0 1
 0 0 1 1 0 1 0 1 0 0 0 1 0 1 1 0 0 1 0 0 1 1 1 1 0 1 0 0 1 1 1 0 1 1 1 1 1
 1 0 1 0 1 0 1 0 1 1 1 1 1 1 1 1 1 1 0 1 1 0 1 1 0 0 1 0 1 0 0 0 0 0 1 1 0
 1 0 1 0 1 0 0 1 1 0 0 1 1 0 0 0 1 0 0 1 0 1 1 1 0 1 0 0 0 1 0 0 0 0 0 1 0
 1 0 0 0]

========== Cluster 1 ==========

Labels: [1 1 1 0 1 1 1 0 1 1 1 0 1 0 0 1 1 0 0 0 0 1 0 1 1 1 0 0 0 1 0 1 0 1 0 0 0
 1 0 1 0 1 1 0 1 0 1 0 1 0 1 0 1 1 1 1 0 0 0 0 0 0 0 1 1 1 1 0 0 0 0 0 0 1
 0 1 1 0 0 1 1 1 0 0 1 0 1 1 1 1 1 1 1 0 1 0 0 0 0 1 1 1 0 0 1 1 1 1 0 0 0
 0 1 1 1 1 1 1 0 1 0 1 1 1 0 1 1 0 1 0 0 0 1 0 0 0 0 1 1 1 0 1 0 1 0 1 0 1
 0 1 1 1 0 0 0 0 1 0 1 1 0 1 1 1 1 1 1 0 0 1 0 1 1 1 1 0 0 0 0 0 1 0 1 0 0
 0 0 0 1 1 0 0 1 0 0 1 1 0 1 0 1 0 0 0 0 1 1 1 1 1 1 1 1 0 1 0 1 0 0 0 0 0
 0 0 1 1 1 1 1 1 1 0 0 0 0 1 0 1 1 1 0 0 0 0 0 1 1 1 0 0 1 1 1 1 1 0 1 1 0
 1 0 1 0 1 1 0 0 1 1 0 0 1 0 0 0 1 1 0 0 1 0 0 1 1 1 0 1 0 0 0 0 0 1 1 1 0
 1 1 1 0 1 0 1 1 1 0 1 1 1 0 1 0 1 1 0 0 1 0 0 1 0 0 1 0 1 1 1 1 1 0 1 1 0
 0 0 1 1 0 0 1 1 1 1 1 1 1 1 1 1 1 0 0 1 0 0 1 1 1 1 0 1 1 0 1 1 1 1 1 1 0
 1 1 0 0 1 1 0 1 0 0 1 0 0 0 0 1 1 0 0 0 0 1 0 1 0 1 1 0 1 1 1 1 0 0 1 1 0
 1 1 0 1 0 1 1 0 0 0 1 1 0 1 1 1 1 1 0 1 1 0 1 0 1 1 1 0 0 0 0 1 0 0 1 0 1
 0 1 0 0 0 0 1]

========== Cluster 2 ==========

Labels: [1 1 1 0 0 0 1 0 1 0 1 0 0 0 1 0 1 0 1 0 0 0 0 0 0 0 1 0 1 1 0 0 1 0 0 0 0
 0 0 1 0 0 1 1 0 0 0 0 1 0 1 1 0 0 0 0 0 0 1 1 0 1 0 1 1 0 0 0 1 0 1 0 0 1
 1 0 0 1 0 0 1 0 1 0 0 1 0 1 0 0 0 0 1 0 0 0 0 0 1 0 0 1 1 0 0 0 1 1 0 0 1
 1 1 1 1 1 1 1 1 1 0 1 1 1 1 1 0 0 0 1 1 1 0 0 0 0 0 1 0 0 0 0 1 1 0 0 1 0
 0]

