============== Classifiers Parameters ==============
[{'cost': np.float64(993.7772424208258), 'gamma': np.float64(36.77512044513594)}, {'cost': np.float64(681.1511253477595), 'gamma': np.float64(63.04963399581095)}]

Optimal clusterer: agglomerative_clustering

External clustering metrics:
adjusted_rand_score: -0.0006527694944452021
normalized_mutual_info_score: 0.00027510507685447145
v_measure_score: 0.00027510507685447145
fowlkes_mallows_score: 0.5305824712375311

Internal clustering metrics:
silhouette: 0.374311069757466
davies_bouldin: 0.9262361696006159
calinski_harabasz_score: 764.8397297272733

Base classifier: svm
========== Cluster 0 ==========

Labels: [1 1 1 1 1 1 0 1 1 1 0 1 1 1 0 1 0 0 0 1 1 0 0 0 1 0 0 1 0 1 1 0 1 0 1 0 0
 1 0 0 1 1 0 1 0 0 1 0 0 1 0 1 0 0 0 1 1 0 0 1 0 1 0 1 0 0 1 1 0 1 1 1 1 1
 1 0 0 0 0 0 0 0 0 1 1 1 0 1 1 0 0 0 0 0 0 1 0 1 1 0 1 0 1 1 0 1 0 0 1 0 1
 1 1 1 1 1 0 0 0 0 0 1 0 0 0 0 1 0 1 1 0 0 1 1 1 1 0 0 0 0 1 0 1 1 1 1 1 1
 0 0 1 0 1 1 1 0 1 1 0 1 0 1 1 0 0 0 1 0 0 0 0 1 0 0 0 0 0 0 1 1 0 0 0 1 0
 0 0 1 0 1 0 1 1 0 0 1 0 1 1 1 0 0 0 0 0 0 0 0 0 0 0 0 0 0 1 1 1 0 1 0 1 0
 0 0 0 0 0 0 0 0 1 0 1 1 1 1 1 1 1 0 0 1 0 0 1 1 0 0 0 1 0 1 0 0 1 1 0 1 0
 0 0 1 1 1 0 0 0 0 1 1 1 0 1 1 1 1 0 1 1 0 1 0 0 1 0 1 0 1 1 0 0 1 1 0 0 0
 1 0 1 0 0 0 0 0 1 1 0 0 0 1 1 0 0 0 0 1 1 0 1 0 1 0 0 0 0 0 0 0 1 1 1 0 1
 0 1 1 1 0 0 1 0 0 1 1 1 0 0 1 1 1 1 0 1 0 1 1 1 0 0 1 0 0 0 1 0 0 0 0 1 0
 1 1 1 1 1 0 1 1 0 0 0 0 1 1 1 0 0 0 1 0 1 1 1 1 0 1 1 1 1 0 0 0 1 1 1 1 0
 0 1 1 0 0 0 1 1 0 1 1 0 0 0 0 0 1 1 1 1 1 0 1 0 1 1 1 1 1 1 1 1 1 0 1 0 1
 0 1 0 1 1 0 1 1 0 1 0 0 1 0 1 1 0 0 0 1 1 0 0 1 1 1 1 1 1 1 1 1 1 0 0 0 1
 0 0 1 1 1 1 1 1 0 1 1 0 1 1 0 1 1 1 1 1 1 1 0 1 1 1 1 0 0 1 1 0 1 0 1 0 0
 0 0 0 0 0 1 0 1 1 1 0 1 0 0 0 0 0 1 0 1 0 1 1 0 1 0 1 0 1 0 0 1 1 0 1 0 0
 1 0 0 1 1 0 0 0 0 1 1 0 0 0 1 0 0 1 1 1 1 1 1 1 0 1 1 0 1 0 1 1 1 0 0 0 0
 0 1 0 0 0 0 0 1 0 1 0 1 1 0 0 0 0 0 1 0]

========== Cluster 1 ==========

Labels: [0 1 1 0 1 1 0 0 1 0 1 0 1 1 0 0 0 1 1 0 0 1 1 1 1 0 1 1 0 0 1 1 0 0 1 1 0
 1 1 1 1 1 1 1 1 1 0 1 0 1 1 0 1 0 1 0 1 0 0 1 0 0 1 1 0 1 0 1 0 1 0 1 0 1
 1 0 0 1 1 1 0 0 1 1 0 0 0 1 1 0 0 0 1 0 1 0 0 0 1 0 1 1 0 0 1 0 0 0 1 1 1
 0 1 0 1 1 0 0 0 0 0 1 1 1 1 0 0 0 0 0 0 0 0 0 1 1 0 0 1 0 0 1 1 0 1 0 1 0
 0 1 1 0 1 0 1 0 0 1 1 1 0 0 1 0 0 1 1 1 1 0 1 0 0 1 1 1 0 1 1 1 1 1 1 0 1
 1 0 1 1 0 1 0 0 0 0 1 1 0 1 0 1 1 0 0 0 0 0 0 0 0 1 1 1 1 0 0 1 1 1 1 0 1
 0 1 1 1 1 1 1 0 1 1 0 1 1 0 0 1 0 1 0 0 0 0 0 1 1 1 0 1 0 1 0 1 1 0 0 1 1
 0 1 1 1 0 0 1 0 0 1 0 1 1 1 0 1 0 0 1 0 0 0 0 1 0 1 0 0 0]

