Accuracy: 0.76
Recall: 0.6666666666666666
Precision: 0.4
F1: 0.5

AUC: 0.7552380952380952

