Accuracy: 0.78
Recall: 0.6428571428571429
Precision: 0.6
F1: 0.6206896551724138

AUC: 0.7861904761904762

