Accuracy: 0.69
Recall: 0.4666666666666667
Precision: 0.23333333333333334
F1: 0.3111111111111111

AUC: 0.6133333333333333

