Accuracy: 0.76
Recall: 0.6071428571428571
Precision: 0.5666666666666667
F1: 0.5862068965517241

AUC: 0.8123809523809524

