Accuracy: 0.69
Recall: 0.4827586206896552
Precision: 0.4666666666666667
F1: 0.4745762711864407

AUC: 0.7438095238095237

