Accuracy: 0.79
Recall: 0.7142857142857143
Precision: 0.5
F1: 0.5882352941176471

AUC: 0.8119047619047619

