Accuracy: 0.6233766233766234
Recall: 0.46875
Precision: 0.5555555555555556
F1: 0.5084745762711864

AUC: 0.6077777777777778

