Accuracy: 0.8051948051948052
Recall: 0.75
Precision: 0.6666666666666666
F1: 0.7058823529411765

AUC: 0.8814814814814815

