Accuracy: 0.7532467532467533
Recall: 0.6538461538461539
Precision: 0.6296296296296297
F1: 0.6415094339622641

AUC: 0.7244444444444444

