Accuracy: 0.7647058823529411
Recall: 0.7647058823529411
Precision: 0.8823529411764706
F1: 0.7703081232492996

AUC: 0.8611111111111112

