Accuracy: 0.7222222222222222
Recall: 0.7222222222222222
Precision: 0.8841269841269841
F1: 0.7744708994708995

AUC: 0.7696248196248195

