Accuracy: 0.69
Recall: 0.47619047619047616
Precision: 0.3333333333333333
F1: 0.39215686274509803

AUC: 0.7109523809523809

