Accuracy: 0.81
Recall: 0.7894736842105263
Precision: 0.5
F1: 0.6122448979591837

AUC: 0.810952380952381

