Accuracy: 0.7631578947368421
Recall: 0.6666666666666666
Precision: 0.6153846153846154
F1: 0.64

AUC: 0.8261538461538462

