Accuracy: 0.7763157894736842
Recall: 0.6666666666666666
Precision: 0.6923076923076923
F1: 0.6792452830188679

AUC: 0.8400000000000001

