Accuracy: 0.7922077922077922
Recall: 0.7037037037037037
Precision: 0.7037037037037037
F1: 0.7037037037037037

AUC: 0.8518518518518519

