============== Classifiers Parameters ==============
[{'cost': np.float64(970.6404309851108), 'gamma': np.float64(78.34309801944727)}, {'cost': np.float64(215.268892286052), 'gamma': np.float64(64.84952528824158)}, {'cost': np.float64(634.2862153009333), 'gamma': np.float64(412.2610812790643)}]

Optimal clusterer: agglomerative_clustering

External clustering metrics:
adjusted_rand_score: 0.005746904309796462
normalized_mutual_info_score: 0.007208488353490663
v_measure_score: 0.007208488353490662
fowlkes_mallows_score: 0.35648080841084784

Internal clustering metrics:
silhouette: 0.26037229336593826
davies_bouldin: 1.2072155773660038
calinski_harabasz_score: 954.9364847549945

Base classifier: svm
========== Cluster 0 ==========

Labels: [2 0 1 2 2 1 0 2 2 2 0 2 2 2 2 0 2 0 0 1 1 2 2 1 1 0 0 1 0 0 2 2 1 1 0 2 0
 1 0 1 0 2 0 1 2 0 0 1 0 1 2 0 2 2 1 0 0 2 1 2 0 2 0 1 1 2 2 2 1 2 2 0 0 2
 2 2 1 2 1 2 0 1 1 0 1 1 2 1 0 1 0 0 1 0 0 2 0 1 2 0 2 1 1 0 2 0 1 2 1 0 2
 2 2 2 1 1 1 2 1 1 0 0 0 2 2 1 1 1 1 1 1 1 1 1 1 1 2 2 2 2 2 2 2 2 0 2 0 0
 0 1 1 0 1 1 1 0 2 1 0 1 2 2 1 2 2 1 0 0 2 1 2 2 0 0 0 2 2 1 2 1 1 2 2 1 2
 1 0 0 2 1 2 2 0 0 1 1 1 1 0 2 1 0 1 1 2 1 1 2 0 1 2 0 1 1 2 1 2 0 1 1 1 1
 2 0 1 1 0 0 1 1 0 1 1 2 2 1 2 1 2 1 0 0 2 0 1 1 1 1 0 0 0 0 1 1 0 1 2 2 1
 0 1 1 0 0 1 1 0 1 2 2 0 0 2 0 2 0 1 0 0 0 0 2 2 2 2 2 0 0 2 0 1 0 0 1 0 1
 2 1 2 1 1 1 2 0 1 2 2 0 1 1 0 2 0 2 0 2 1 1 0 1 2 1 0 1 1 1 1 0 2 1 1 2 0
 2 2 2 0 1 2 2 1 0 2 0 2 2 0 1 1 2 2 2 0 0 0 1 1 0 0 2 0 1 1 0 1 1 0 0 0 1
 0 0 2 2 0 0 0 0 0 0 2 1 0 0 1 2 1 2 0 0 0 2 0 2 0 0 1 2 2 0 1 2 0 1 2 0 1
 0 0 0 1 0 2 2 2 1 1 1 1 2 1 2 2 0 0 1 2 1 2 2 2 1 1 2 1 0 0 0 1 2 2 2 0 1
 1 1 1 1 1 2 2 0 1 1 1 0 1 0 2 2 2 2 2 2 0 0 1 1 2 1 1 1 2 1 2 1 0 1 1 1 0
 1 2 1 2 1 0 2 1 2 0 2 0 2 2 2 1 2 2 1 1 2 1 2 2 0 0 0 2 2 2 1 2 1 2 1 0 0
 0 2 1 0 2 2 1 2 1 0 1 1 1 0 2 0 0 2 0 2 1 0 1 0 1 1 2 2 1 1 2 1 2 1 2 2 1
 2 2 0 0 2 1 1 2 0 1 0 1 2 2 2 1 1 2 2 0 2 0 0 0 0 1 2 0 2 0 2 1 2 2 2 1 0
 1 0 0 0 1 2 2 2 0 1 2 1 1 0 1 0 1 1 2 1 2 0 2 0 1 0 1 2 0 0 2 2]

========== Cluster 1 ==========

Labels: [0 2 0 2 2 2 0 0 0 1 1 1 0 1 2 2 0 1 2 2 0 0 0 2 2 0 0 2 1 1 0 1 0 2 2 1 0
 2 0 2 2 2 2 2 2 1 2 2 1 2 1 1 1 1 1 1 2 2 2 2 2 2 1 0 2 0 2 2 1 0 1 1 2 1
 1 0 1 0 2 1 2 0 1 1 2 0 0 0 1 1 0 1 2 0 2 0 1 2 1 1 2 1 1 2 1 0 2 0 1 2 0
 0 1 1 1 1 2 0 0 1 0 2 0 0 0 2 1 2 2 1 2 2 1 1 2 1 0 1 1 0 2 0 0 2 0 2 1 1
 0 0 1 1 0 0 1 0 1 0 1 0 0 1 0 2 1 2 0 1 0 2 1 2 2 2 1 2 2 2 1 1 1 1 1 0 2
 1 1 1 2 2 2 0 2 1 0 2 2 2 1 2 0 2 2 0 2 2 2 2 0 2 2 2 2 1 1 1 1 2 2 1 1 0
 0 2 1 2 2 1 1 1 1 1 0 2 1 2 2 2 2 2 2 2]

========== Cluster 2 ==========

Labels: [2 0 0 1 2 1 1 2 2 0 2 2 2 1 0 0 2 1 2 0 1 0 1 0 0 0 1 0 1 2 1 0 1 1 1 1 2
 0 0 0 0 2 0 1 0 1 0 0 2 2 2 0 0 1 0 1 2 0 0 0 2 0 0 2 1 0 0 0 0 0 2 2 1 1
 0 1 1 0 2 0 1 0 0 0 2 2 2 2 1 1 1 0 2 1 0 0 2 0 2 2 2 0 1 1 1 1 1 1 2 0 0
 0 0 0 2 2 0 1 2 2 2 1 0 0 2 0 2 2 1 1 1 2 0 2 0 2 0 2 0 1 0 0 2 0 1 1 2 0
 0 2 0 0 0 0 1 1 2 0 2 2 2 2 2 2 1 2 0 1 0 1 2 2 2 1 1 0 0 0 0 1 0 0 2 0 2
 2 1 0 1 0 1 0 2 0 2 1 1 0 0 1 0 0 0 0 0 2 0 2 0 2 0 1 1 0 0 1 1 2 1 2 0 1
 2 1 0 1 2 0 0 2 0 1 2 2 0 2 1 1 2 0 1 1 1 0 0 2 1 0 2 0 2 0 0 1 0 1 0 2 2
 1 2 0 2 1 2 2 0 2 2 2 1 2 1 0 0 1 1 1 1 0 1 2 2 0 1 1 2 1 0 0 2 0 1 0 2 2
 0 0 2 1 0 0 1 0 1 1 0 1 1 2 0 2 1 0 1 1 0 0 0 2 0 0 0 2 0 1 1 0 2 0 0 0 1
 1 2 1 2 2 0 1 0 0 2 1 0 0 0 0 0 0 1 1 0 0 1 1 2 0 1 0 0 2 2 0 2 0 2 1 1 2
 1 2 0 0 0 2 0 0 1 1 2 0 1 1 0 1 2 2 0 2 0 0 2 0 1 2 1 0 0 1 2 0 0 2 0 0 0
 2 0 1 2 2 0 2 2 0 2 2 1 1 1 2 1 2 2 1 1 1 2 1 1 1 0 1 1 0 1 0 1 2 1 0 0 0
 2 1 2 1 0 0 0 0 1 0 1 1 2 2 0 0 2 0 0 0 2 0 2 2 1 0 1 1 0 1 0 0 2 1 0 0 0
 2 1 2]

