============== Classifiers Parameters ==============
[{'cost': np.float64(49.83835113841647), 'gamma': np.float64(411.7637432710704)}, {'cost': np.float64(818.084692636864), 'gamma': np.float64(78.28487259109758)}, {'cost': np.float64(620.8037239962384), 'gamma': np.float64(31.381595939705363)}]

Optimal clusterer: kmeans

External clustering metrics:
adjusted_rand_score: 0.002852319115968724
normalized_mutual_info_score: 0.0036910150439850046
v_measure_score: 0.0036910150439850046
fowlkes_mallows_score: 0.3438710068341281

Internal clustering metrics:
silhouette: 0.29323840099865667
davies_bouldin: 1.0814180090112175
calinski_harabasz_score: 1146.4260022526505

Base classifier: svm
========== Cluster 0 ==========

Labels: [2 0 0 1 1 2 2 1 0 2 2 2 1 2 0 0 0 2 2 0 0 1 1 1 0 1 2 0 1 0 1 2 0 1 0 1 1
 1 1 2 0 0 0 2 0 2 1 0 0 0 0 2 2 2 0 2 0 0 0 2 0 2 0 1 2 0 1 2 2 2 2 0 0 0
 2 0 2 1 0 2 0 0 2 0 0 2 1 2 2 0 1 2 1 0 1 2 2 2 0 1 1 0 0 0 0 2 0 1 2 2 2
 1 1 2 0 1 1 0 2 2 1 0 2 0 0 2 2 0 2 2 2 1 0 2 1 2 0 2 1 2 2 2 0 1 1 1 1 2
 2 1 1 2 0 0 2 1 1 2 0 1 0 1 2 2 0 0 0 2 1 1 1 0 1 1 0 1 0 2 2 2 2 2 2 0 2
 1 1 1 2 1 1 0 2 0 0 2 1 0 1 0 0 0 1 0 1 0 0 1 0 0 0 1 2 2 1 0 1 2 2 0 0 1
 0 0 1 0 2 1 2 0 1 1 2 2 1 1 2 0 2 1 0 0 2 2 2 2 2 2 1 1 1 1 2 0 2 2 2 2 2
 0 2 0 0 0 0 1 1 1 2 2 0 2 2 0 0 0 1 0 0 1 1 1 2 0 2 1 1 1 2 2 0 1 2 0 1 1
 2 0 1 2 2 2 1 0 0 0 0 1 1 0 0 2 1 2 2 1 0 1 1 2 0 0 2 2 1 0 0 1 0 1 0 0 2
 2 0 0 2 1 0 2 0 2 0 0 1 2 0 0 1 1 1 1 1 2 0 1 0 0 1 2 0 2 0 2 0 1 1 0 2 2
 2 1 2 1 1 2 2 0 0 1 1 0 2 0 0 2 0 1 2 2 0 2 0 2 0 2 0 0 1 1 1 2 0 0 1 2 0
 2 0 0 2 0 1 0 1 0 2 2 0 2 0 2 2 0 0 1 0 0 2 1 1 2 0 1 0 2 2 2 0 1 2 0 1 0
 2 2 1 2 2 1 2 1 1 1 1 2 2 2 2 2 2 0 1 0 0 0 0 1 1 0 0 0 0 1 1 1 2 1 2 1 0
 1 2 0 0 0 2 0 2 0 2 0 2 1 1 0 2 0 0 1 2 1 0 2 2 0 0 0 2 0 1 2 0 0 0 1 2 0
 2 2 2 2 2 1 1 1 2 2 1 2 0 2 1 0 1 1 2 2 1 1 0 2 0 2 0 0 0 2 2 2 1 0 2 0 0
 0 1 2 0 2 1 1 0 2 1 2 2 2 2 0 0 1 2 0 2 1 0 1 2 1 1 0 1 1 2 0 1 0 2 2 0 1
 0 2 0 0 0 2 1 2]

========== Cluster 1 ==========

Labels: [2 2 0 1 2 1 0 2 2 2 2 0 0 0 1 1 0 1 1 0 0 0 1 1 0 0 2 2 0 1 2 0 0 2 1 0 0
 0 2 2 0 1 0 2 1 0 0 0 1 0 1 0 2 2 1 1 0 0 2 0 2 2 2 2 2 2 1 1 2 2 2 0 1 2
 1 1 1 0 1 0 1 2 0 1 0 2 1 2 2 0 1 2 1 1 1 2 2 2 1 1 2 1 2 1 2 2 2 1 0 0 2
 0 1 2 1 2 2 0 1 0 0 2 1 2 1 0 1 0 2 0 0 2 2 1 0 1 1 0 2 0 1 1 1 0 2 1 0 0
 2 1 2 0 1 0 1 2 1 2 0 0 2 0 1 2 1 0 1 2 0 1 0 0 2 0 1 1 1 0 0 1 0 2 1 1 2
 1 1 0 2 2 1 1 0 1 0 2 0 0 1 2 2 0 0 0 1 1 1 0 0 1 2 0 1 0 0 2 2 1 1 0 0 2
 0 2 0 0 2 0 1 2 2 1 1 1 2 1 2 1 1 2 1 0 1 0 0 1 1 0 2 1 2 0 1 0 2 2 0 0 2
 1 1 0 0 1 2 1 1 1 0 1 1 0 1 0 1 0 2 1 1 0 0 1 2 1 2 1 1 1 1 2 2 2 2 0 1 0
 0 0 1 1 0 0 1 0 0 2 2 0 2 2 0 0 1 0 0 2 2 2 2 1 2 0 1 1 2 1 2 2 1 2 1 2 1
 1 1 1 1 0 1 0 2 1 1 0 1 2 0 2 1 1 0 0 2 0 1 2 2 1 0 0 1 2 1 1 1 0 0 2 0 1
 2 1 2 2 2 2 0 2 2 2]

========== Cluster 2 ==========

Labels: [0 2 2 0 2 2 0 2 2 2 2 0 1 1 2 2 1 0 0 0 2 1 1 0 2 1 0 2 1 0 1 1 2 2 1 0 2
 1 1 2 1 0 2 2 1 2 1 0 1 1 1 1 0 1 0 1 0 0 0 1 0 1 2 2 1 0 2 2 2 1 1 1 0 2
 2 2 0 2 1 2 1 0 2 2 0 0 1 0 1 1 0 2 1 1 2 0 2 2 0 1 2 0 0 2 1 2 1 1 0 1 1
 1 2 2 2 1 1 1 0 2 0 0 0 1 1 0 1 1 1 0 2 0 2 2 1 2 2 2 1 0 0 0 2 1 1 2 1 1
 0 0 1 2 2 0 1 1 1 0 1 0 1 1 2 1 1 2 1 2 0 1 2 1 0 1 1 0 1 2 2 1 2 1 2 1 0
 2 0 1 1 1 0 0 2 1 0 1 0 0 1 1 0 0 2 2 1 0 0 0 2 2 2 2 0 0 0 0 1 1 1 2 1 1
 2 0 2 2 1 1 0 2 0 1 1 1 0 1 1 0 1 1 2 2 2 2 1 2 0 2 2 0 1 0 2 1 1 1 0 0 0
 2 0 0 0 0 2 1 2 1 0 0 0 2 0 0 1 0 1 2 0 1 2 0 1 0 1 2 2 1 1 2 1 2 2 2 2 2
 0 1 1 1 0 1 1 1 2 0 2 2 2 1 1 2 1 0 2 2 1 0 1 1 1 0 2 0 2 0 2 1 1 1 2 2 1
 1 2 1 2 1 2 0 1 1 2 0 0 2 1 2 0 0 1 0 2 1 2 0 1 0 0 1 1 2 1 0 1 0 2 0 1 2]

