============== Classifiers Parameters ==============
[{'cost': np.float64(864.547287353547), 'gamma': np.float64(45.536562553960394)}, {'cost': np.float64(364.2783729452767), 'gamma': np.float64(4.175206009309164)}]

Optimal clusterer: agglomerative_clustering

External clustering metrics:
adjusted_rand_score: 0.004209399901736706
normalized_mutual_info_score: 0.00445819106540272
v_measure_score: 0.00445819106540272
fowlkes_mallows_score: 0.3517211205468022

Internal clustering metrics:
silhouette: 0.28186329315746883
davies_bouldin: 1.1326696992925949
calinski_harabasz_score: 1050.2668136015964

Base classifier: svm
========== Cluster 0 ==========

Labels: [2 2 0 0 1 2 0 1 2 1 2 0 2 0 2 2 2 2 2 2 2 1 0 0 0 0 0 0 2 1 2 0 1 1 0 1 1
 1 0 0 0 0 1 1 0 1 2 1 0 1 0 1 1 1 1 2 0 0 2 2 0 0 0 1 2 0 0 2 0 1 0 2 1 0
 0 0 0 0 2 2 2 0 0 2 2 2 0 0 0 1 0 2 2 0 1 2 1 2 0 0 0 0 2 0 0 2 1 0 0 1 0
 0 0 0 1 0 2 2 2 2 2 1 1 2 1 0 1 1 0 2 2 0 2 0 2 0 2 1 0 0 0 0 2 2 2 2 2 2
 2 2 1 2 1 1 1 2 0 2 1 0 2 2 0 1 2 2 0 2 1 0 2 1 2 0 2 2 0 1 0 2 2 0 2 1 1
 2 0 1 2 0 1 0 2 0 2 1 2 1 1 1 0 2 2 1 0 1 1 1 2 2 2 1 0 1 0 2 1 1 1 1 2 2
 1 0 1 2 2 1 2 1 2 2 2 1 2 2 1 1 2 1 2 1 2 2 1 2 0 1 0 0 0 2 0 0 0 1 2 0 1
 0 1 2 0 2 0 0 0 1 0 0 1 2 0 1 0 2 2 2 0 0 0 0 1 2 1 2 0 1 1 2 2 2 2 1 0 0
 2 1 0 2 0 0 2 2 2 2 2 2 2 1 1 1 1 1 0 1 2 0 2 1 0 2 2 0 2 0 1 2 1 0 0 1 0
 2 0 1 1 1 2 2 0 0 0 2 2 1 2 0 2 0 0 1 0 0 0 1 1 2 1 2 2 0 0 0 2 2 0 1 2 2
 0 1 2 0 2 1 1 1 0 1 2 2 0 1 0 0 1 2 2 0 2 2 1 1 0 1 0 0 0 0 1 0 1 2 1 0 2
 1 2 1 1 2 0 2 2 2 1 1 0 1 1 0 1 0 2 0 0 2 0 1 2 2 2 0 2 0 0 1 0 0 1 1 1 1
 0 0 0 1 0 0 2 0 2 2 0 2 0 0 1 1 0 0 0 0 1 1 1 2 1 2 0 1 2 1 1 0 1 2 0 0 0
 2 0 2 2 0 0 0 1 0 2 2 2 0 2 1 2 2 1 1 2 1 2 0 1 1 0 2 2 0 2 1 0 1 2 2 2 0
 2 0 2 0 0 0 1 1 1 2 1 1 0 1 0 0 1 1 0 0 1 2 2 0 1 2 2 0 0 2 1 0 2 2 0 1 2
 0 2 0 2 1 2 1 0 2 0 0 1 2 1 0 0 1 1 1 1 0 1 1 0 1 0 1 2 0 1 0 2 2 0 1 1 1
 2 0 0 0 1 0 0 2 0 1 1 0 2 0 1 2 2 0 0 2 2 1 0 0 1 0 1 1 0 0 1 1 2 0 1 2 1
 0 0 2 1 1 0 0 0 2 1 2 1 0 0 2 0 0 2 0 2 1 1 2 2 1 2 0 1 1 1 2 1 0 0 1 1 1
 2 1 1 2 2 0 0 2 1 2 0 0 0 2 1 0 1 0 0 0 1 0 1 0 1 1 1 2 2 0 1 1 2 0 1 2 0
 2 1 2 0 0 0 2 2 0 0 2 0 2 1 1 2 2 2 1 2 1 0 0 0 2 0 0 1 0 1 2 1 2 2 2 1 0
 2 2 1 0 2 1 2 0 1 2 2 0 0 2 0 2 2 0 0 2 0 1 2 1 0 2 0 0 1 2 0 0 2 0 0 0 2
 0 1 2 2 0 0 1 2 2 2 0 2 2 1 2 0 1 1 2 1 2 2 2 2 2 1 1 1 2 1 2 1 2]

========== Cluster 1 ==========

Labels: [0 1 2 2 1 0 2 2 0 2 2 2 2 2 0 0 1 1 2 2 1 1 0 0 1 0 0 2 2 1 1 0 2 0 1 0 2
 1 2 0 1 1 2 2 1 0 0 2 1 2 0 2 0 1 1 2 1 2 2 0 2 2 2 1 2 1 2 0 1 1 0 1 1 1
 0 1 0 0 1 0 0 0 1 0 1 1 2 0 1 2 1 0 2 2 2 2 1 1 1 1 1 0 0 2 2 2 2 1 0 2 1
 1 2 1 2 0 2 2 0 1 1 1 0 1 2 2 0 0 1 2 1 2 0 0 1 0 2 0 1 1 0 1 2 0 2 0 2 2
 2 0 1 0 2 0 0 1 0 2 2 1 1 1 2 1 1 0 1 1 1 1 0 0 1 2 2 2 1 2 1 1 1 0 1 1 0
 2 0 0 0 1 1 0 1 1 1 0 2 1 0 1 2 2 1 2 2 1 0 0 2 1 2 0 0 0 2 1 1 2 2 1 2 1
 0 0 1 2 2 0 0 1 1 1 1 0 1 0 1 1 2 1 1 0 1 2 1 1 2 1 0 1 1 1 2 1 1 0 1 1 0
 1 2 2 1 2 1 2 1 0 0 2 0 1 1 1 1 0 0 0 1 0 1 2 1 0 1 0 0 1 1 0 1 1 0 0 2 0
 2 1 0 0 0 0 2 2 2 2 2 0 0 2 0 1 0 0 1 1 2 1 2 1 1 1 2 0 2 2 0 1 1 0 2 0 0
 2 1 1 1 2 1 0 1 1 1 1 0 1 1 2 0 1 2 2 0 2 1 2 2 0 1 2 2 2 0 0 1 0 2 0 1 1
 0 1 1 0 0 0 0 2 0 0 0 0 0 0 2 1 2 0 1 2 1 2 0 0 0 2 0 2 0 0 1 2 0 1 2 0 1
 2 0 1 0 0 1 0 2 2 2 1 1 1 1 2 1 2 2 0 0 1 2 1 2 2 2 1 2 1 0 0 1 2 2 2 0 1
 1 1 1 1 2 2 0 1 0 1 1 0 1 0 2 2 2 2 2 0 1 1 2 1 1 1 2 0 1 0 1 1 1 0 1 2 1
 2 1 2 0 2 2 2 2 2 1 1 1 2 0 0 2 2 2 1 2 1 2 1 0 0 0 2 1 2 1 2 1 0 1 1 0 1
 0 2 0 2 0 2 1 1 0 1 2 2 2 1 1 1 2 1 2 2 1 2]

