Accuracy: 0.76
Recall: 0.6875
Precision: 0.36666666666666664
F1: 0.4782608695652174

AUC: 0.7823809523809524

