Accuracy: 0.68
Recall: 0.4444444444444444
Precision: 0.26666666666666666
F1: 0.3333333333333333

AUC: 0.7261904761904763

