Accuracy: 0.81
Recall: 0.8235294117647058
Precision: 0.4666666666666667
F1: 0.5957446808510638

AUC: 0.8257142857142857

