Accuracy: 0.9473684210526315
Recall: 0.9090909090909091
Precision: 0.9523809523809523
F1: 0.9302325581395349

AUC: 0.996031746031746

