Accuracy: 0.9473684210526315
Recall: 0.95
Precision: 0.9047619047619048
F1: 0.926829268292683

AUC: 0.9874338624338624

