Accuracy: 0.8311688311688312
Recall: 0.8888888888888888
Precision: 0.5925925925925926
F1: 0.7111111111111111

AUC: 0.9211111111111112

