Accuracy: 0.7407407407407407
Recall: 0.7272727272727273
Precision: 0.6666666666666666
F1: 0.6956521739130435

AUC: 0.8944444444444444

