Accuracy: 0.68
Recall: 0.4583333333333333
Precision: 0.36666666666666664
F1: 0.4074074074074074

AUC: 0.6838095238095239

