============== Classifiers Parameters ==============
[{'cost': np.float64(3.0389352399653444)}, {'cost': np.float64(6.278241892185967)}, {'cost': np.float64(2.25690777913309)}]

Optimal clusterer: agglomerative_clustering

External clustering metrics:
adjusted_rand_score: 0.22508147553242433
normalized_mutual_info_score: 0.274529723493576
v_measure_score: 0.27452972349357607
fowlkes_mallows_score: 0.5038563292152474

Internal clustering metrics:
silhouette: 0.2907986474244748
davies_bouldin: 1.1240881062622365
calinski_harabasz_score: 331.6165343795183

Base classifier: lr
========== Cluster 0 ==========

Labels: [1 1 1 1 0 0 0 2 2 0 2 2 2 2 2 2 1 2 1 2 0 2 0 0 2 0 2 2 0 2 2 0 0 2 2 0 0
 2 0 2 0 2 2 2 0 2 2 0 2 2 0 0 2 2 2 1 2 0 2 0 2 2 0 2 2 1 1 2 2 0 2 2 2 2
 1 0 2 0 2 2 2 0 2 1 2 1 0 2 2 2 2 0 2 0 1 0 2 0 2 0 2 1 2 2 1 2 2 2 2 0 2
 0 2 2 0 2 2 2 2 2 0 2 2 2 0 0 2 2 2 1 2 2 2 2 2 2 2 2 2 2 2 0 0 2 2 2 2 2
 0 2 0 0 2 2 2 2 2 2 2 2 2 2 2 0 2 0 2 2 0 2 2 2 0 0 2 2 2 0 2 2 2 2 2 2 2
 2 0 1 2 2 2 2 0 2 2 2 2 2 2 1 2 0 2 2 1 1 2 2 2 2 2 2 2 2 2 2 2 2 2 2 2 2
 1 2 2 2 0 2 2 2 0 0 0 2 1 0 0 2 0 2 0 2 0 0 2 2 0 2 2 2 2 2 2 2 2 2 2 0 0
 0 2 0 2 1 2 0 0]

========== Cluster 1 ==========

Labels: [1 1 1 0 0 0 0 0 0 0 0 1 0 2 0 1 0 1 0 2 0 1 2 0 1 0 1 0 1 0 0 0 0 1 1 1 1
 0 0 0 0 0 1 0 0 2 0 1 1 1 1 0 1 2 0 0 0 0 2 1 0 1 2 0 1 0 0 1 0 1 1 1 2 0
 0 1 0 1 1 0 0 2 1 2 0 1 2 0 0 0 2 0 2 1 0 1 1 1 1 0 0 0 2 0 1 1 0 2 0 0 0
 2 0 0 0 2 1 0 0 2 1 0 2 1 1 0 1 0 2 2 0 2 1 1 1 1 2 0 0 2 0 2 1 1 0 0 1 0
 0 1 0 1 0 2 0 0 1 0 0 0 0 1 0 1 1 2 0 0 0 0 1 2 0 0 1 2 0 0 1 1 0 1 0 1 0
 1 0 0 1 1 1 0 0 2 0 2 0 0 1 2 0 0 2 0 1 0 0 2 0 1 1 0 2 0 0 2 1 0 0 0 0 1
 1 0 0 0 1 0 1 1 0 1 0 2 1 1 1 0 1 0 0 0 0 0 0 2 0 1 2 0 1 0 0 2 2 0 0 0 0
 0 2 0 1 1 2 0 0 1 0 0 0 0 1 0 1 1 1 1 2 0 1 1 1 0 0 2 1 0 2 0 0 0 1 1 1 1
 1 1 1 1 1 0 0 1 0 1 0 2 0 0]

========== Cluster 2 ==========

Labels: [1 1 1 1 1 1 1 1 1 1 1 1 1 1 1 1 1 1 1 1 1 1 1 1 1 1 1 1 1 1 1 1 1 1 1 1 1
 1 1 1 1 1 1 1 1 1 1 1 1 1 1 2 1 1 1 1 1 1 1 1 1 1 1 1 1 1 1 1 1 1 1 1 1 1
 1 1 2 1 2 1 1 1 1 1 1 1 1 1 1 1 1 1 1 1 1 1 1 1]

