============== Classifiers Parameters ==============
[{'n_estimators': 429, 'max_depth': 18, 'min_samples_split': 13, 'min_samples_leaf': 6}, {'n_estimators': 110, 'max_depth': 8, 'min_samples_split': 19, 'min_samples_leaf': 8}, {'n_estimators': 46, 'max_depth': 7, 'min_samples_split': 13, 'min_samples_leaf': 4}]

Optimal clusterer: mini_batch_kmeans

External clustering metrics:
adjusted_rand_score: 0.2948603456407193
normalized_mutual_info_score: 0.2595066653138017
v_measure_score: 0.25950666531380173
fowlkes_mallows_score: 0.5334231388525196

Internal clustering metrics:
silhouette: 0.3419571167632986
davies_bouldin: 0.9068996158005381
calinski_harabasz_score: 469.64276223274493

Base classifier: rf
========== Cluster 0 ==========

Labels: [0 0 2 0 0 1 1 1 0 0 0 1 0 0 0 0 0 1 0 2 0 0 0 0 0 0 2 0 0 0 0 0 1 0 0 0 2
 0 0 0 0 0 0 2 0 1 0 0 0 1 0 1 0 0 0 0 0 0 0 0 0 1 0 2 0 0 1 0 0 2 0 0 2 0
 2 1 1 0 0 0 0 0 0 0 0 0 0 0 0 0 0 2 0 1 0 0 0 0 2 0 0 1 0 1 2 0 0 0 0 0 2
 0 0 2 1 2 0 0 2 1 0 0 0 1 0 0 0 0 0 0 0 1 0 2 0 0 0 0 2 0 1 0 0 0 2 2 0 0
 2 0 0 0 0 0 0 1 0 0 0 2 0 0 1 0 0 0 2 2 0 2 0 0 1 1 0 0 0 0]

========== Cluster 1 ==========

Labels: [2 2 2 1 2 0 0 1 2 0 2 0 1 0 1 1 2 2 2 2 1 0 1 2 1 2 2 1 2 1 2 2 1 0 2 2 2
 2 0 2 2 2 0 0 2 2 1 2 2 2 2 1 2 0 1 2 2 1 0 2 2 2 0 1 2 2 0 0 1 2 0 1 2 2
 2 2 0 2 2 2 1 2 1 2 2 2 1 2 2 2 2 2 0 2 2 2 1 1 1 2 2 0 2 2 2 2 1 2 2 0 0
 0 2 0 2 0 2 2 2 2 2 2 2 2 2 2 2 2 2 2 2 0 1 1 0 2 2 1 2 2 2 2 2 2 2 2 2 2
 2 2 0 2 1 2 2 0 2 0 0 2 2 0 2 2 2 2 2 2 2 2 2 2 0 2 2 2 2 0 2 2 2 1 0 2 2
 2 0 2 2 1 2 2 2 2 2 0 0 2 2 2 2 2 2 2 2 2 2 1 2 1 2 0 2 1 2 1 1 2 2 2 2 2
 2 2 2 2 2 2 2 2 2 2 2 1 2 2 2 0 0 0 1 1 1 2 2 2 0 0 1 1 2 0 0 2 0 2 2 0 2
 1 2 2 2 2 2 2 2 2 2 2 0 0 2 0 2 1 0 2 2 0 0]

========== Cluster 2 ==========

Labels: [1 1 1 1 1 1 1 1 0 1 1 1 1 0 0 0 1 2 1 1 0 0 0 1 1 1 1 1 1 0 0 1 1 1 1 1 0
 2 2 0 1 1 2 1 1 1 0 1 1 0 0 1 1 1 0 1 2 1 1 2 0 1 1 1 1 1 0 1 0 1 0 1 1 1
 1 0 1 1 1 1 2 1 1 0 2 1 1 1 1 1 1 1 1 2 1 1 0 1 1 1 1 1 1 1 1 1 1 0 1 1 1
 0 0 1 1 1 1 0 0 0 2 2 1 0 2 1 1 1 1 1 0 1 1 0 1 1 1 0 1 1 1 1 1 0 0 1 0 1
 0 1 1 1 1 0 2 1 1 1 1 1 1 1 1 1 1 1 1 1 1 1 1 0 2 0 1 1 2 0 0 1 1 1 2 1 1
 1 1 1 1 1 1 1 1 1 1 0 1 1 1 1 1 1 1 1 1 1 1 1 1 0 1 1 0 1 1 1]

