============== Classifiers Parameters ==============
[{'n_estimators': 470, 'max_depth': 15, 'min_samples_split': 10, 'min_samples_leaf': 8}, {'n_estimators': 468, 'max_depth': 24, 'min_samples_split': 11, 'min_samples_leaf': 9}, {'n_estimators': 265, 'max_depth': 19, 'min_samples_split': 6, 'min_samples_leaf': 3}]

Optimal clusterer: mini_batch_kmeans

External clustering metrics:
adjusted_rand_score: 0.2831565898168601
normalized_mutual_info_score: 0.24916540601701093
v_measure_score: 0.24916540601701093
fowlkes_mallows_score: 0.5257806998408193

Internal clustering metrics:
silhouette: 0.3373420109484379
davies_bouldin: 0.9233146322552309
calinski_harabasz_score: 460.5229345835861

Base classifier: rf
========== Cluster 0 ==========

Labels: [0 0 2 0 0 1 1 1 0 0 0 1 0 0 0 0 0 1 0 2 0 0 0 0 0 0 2 0 0 0 0 0 1 0 0 0 2
 0 0 0 0 0 0 2 0 1 0 0 0 1 0 1 0 0 0 0 0 0 0 0 0 1 0 2 0 0 1 0 0 2 0 0 2 0
 0 0 0 0 0 1 0 2 0 0 0 0 0 0 0 1 0 0 0 2 0 2 0 1 1 1 0 0 0 0 0 0 0 0 0 0 0
 0 0 0 2 1 0 0 0 0 2 0 0 1 0 1 2 0 0 0 0 0 2 0 2 1 2 0 0 2 0 1 0 0 0 2 2 0
 0 2 0 0 0 0 0 0 1 0 0 1 0 2 0 0 1 0 0 0 2 2 0 2 0 0 1 1 0 0 0 0]

========== Cluster 1 ==========

Labels: [2 2 2 1 2 0 0 1 2 0 2 0 1 0 1 1 2 2 2 2 1 0 1 2 1 2 2 1 2 1 2 2 1 0 2 2 2
 2 0 2 2 2 0 0 2 2 1 2 2 2 2 1 2 0 1 2 2 1 0 2 2 2 0 1 2 2 0 0 1 2 0 1 1 2
 2 2 2 0 2 2 2 1 2 1 2 2 2 1 2 2 2 2 2 0 2 2 2 1 1 1 2 2 0 2 2 2 2 1 2 2 0
 0 0 2 0 2 0 2 2 2 1 1 2 2 2 2 2 1 2 0 1 0 2 0 2 0 2 0 2 1 2 2 2 1 2 2 2 2
 2 1 0 2 2 2 0 2 2 2 2 2 2 1 2 2 1 0 2 2 2 2 2 1 2 2 2 2 2 2 0 2 2 2 2 2 2
 0 2 1 2 2 0 2 0 0 2 2 0 2 2 2 2 2 2 2 2 2 2 0 2 2 2 2 0 2 2 2 1 2 2 2 2 2
 2 2 2 2 2 2 2 2 2 2 2 2 2 1 2 2 2 0 0 0 1 1 1 2 2 2 0 0 1 1 2 0 0 2 0 2 2
 0 2 1 2 2 2 2 2 2 2 2 2 2 0 0 2 0 2 1 0 2 2 0 0]

========== Cluster 2 ==========

Labels: [1 1 1 1 1 1 1 1 0 1 1 1 1 0 0 0 1 2 1 1 0 0 0 1 1 1 1 1 1 0 0 1 1 1 1 1 0
 2 2 0 1 1 2 1 1 1 0 1 1 0 0 1 1 0 1 2 1 1 2 0 1 1 1 1 1 0 1 0 1 0 1 1 1 1
 0 1 1 1 1 2 1 1 0 2 1 1 1 1 1 1 1 1 1 1 0 1 1 1 1 1 1 2 1 1 1 1 1 1 1 2 1
 1 2 0 2 1 1 1 1 1 1 1 1 1 1 0 1 1 1 0 0 1 1 1 1 0 0 0 2 2 1 0 2 1 1 1 1 1
 0 1 1 0 1 1 1 0 1 1 1 1 1 0 0 1 1 1 1 1 1 2 0 1 1 2 0 0 1 1 1 2 1 1 1 1 1
 1 1 1 1 1 1 0 1 1 1 1 1 1 1 1 1 1 1 1 1 0 1 1 0 1 1 1]

