============== Classifiers Parameters ==============
[{'n_estimators': 466, 'max_depth': 7, 'min_samples_split': 8, 'min_samples_leaf': 2}, {'n_estimators': 226, 'max_depth': 22, 'min_samples_split': 9, 'min_samples_leaf': 9}, {'n_estimators': 161, 'max_depth': 27, 'min_samples_split': 20, 'min_samples_leaf': 4}]

Optimal clusterer: mini_batch_kmeans

External clustering metrics:
adjusted_rand_score: 0.27531193089043404
normalized_mutual_info_score: 0.24430010662706925
v_measure_score: 0.24430010662706922
fowlkes_mallows_score: 0.5204696700369904

Internal clustering metrics:
silhouette: 0.33968617997349065
davies_bouldin: 0.9168032884998191
calinski_harabasz_score: 465.79344852970803

Base classifier: rf
========== Cluster 0 ==========

Labels: [0 0 2 0 0 1 1 1 0 1 0 0 0 1 0 0 0 0 0 0 1 0 2 0 0 0 0 0 1 0 2 0 0 0 0 0 0
 2 2 0 0 0 0 0 0 0 0 1 0 0 2 0 0 2 0 0 0 0 0 0 1 0 2 0 0 0 0 0 2 0 0 1 0 1
 0 0 2 0 2 0 1 1 1 1 0 0 2 0 0 0 0 0 0 0 0 0 0 0 0 2 0 0 1 0 0 0 0 2 0 1 0
 1 0 1 1 2 0 0 0 0 1 0 2 0 0 2 0 1 2 0 0 2 2 1 0 0 0 1 0 0 0 0 0 0 0 1 0 2
 0 0 0 0 2 0 1 0 0 0 2 2 0 0 2 0 0 0 0 0 0 1 0 0 1 0 2 0 0 0 1 1 0 0 0 2 2
 0 2 0 0 1 1 0 1 0 0 0 0]

========== Cluster 1 ==========

Labels: [2 2 2 1 2 0 0 1 2 2 0 1 0 1 0 1 2 2 2 2 1 0 1 2 1 2 2 1 2 1 2 2 1 0 2 2 2
 2 0 2 2 2 2 0 0 2 2 1 2 2 2 2 1 2 0 1 2 2 1 0 2 2 2 0 2 2 2 2 2 2 0 1 1 1
 1 0 1 1 2 2 0 0 0 2 0 2 0 2 2 2 1 1 2 2 2 2 2 1 2 0 1 0 2 0 2 0 2 0 2 1 2
 2 1 2 2 2 2 2 1 0 2 2 2 0 2 2 2 2 2 2 2 1 2 2 1 0 2 1 2 2 2 2 1 2 2 2 2 2
 2 2 2 2 2 2 2 0 2 1 2 2 0 2 0 0 2 2 0 2 2 2 2 2 2 2 2 2 2 0 2 2 2 2 0 2 2
 2 1 2 2 2 0 2 2 1 2 2 2 2 0 0 2 2 2 2 2 2 2 2 2 2 1 2 1 2 0 2 1 2 1 1 2 2
 2 2 2 2 2 2 2 0 2 2 2 2 0 2 2 2 1 2 2 2 0 0 0 1 1 1 2 2 2 0 0 1 1 2 0 0 2
 0 2 2 2 1 2 2 2 2 2 2 2 2 2 2 0 0 2 0 2 1 0 2 2 0 0]

========== Cluster 2 ==========

Labels: [1 1 1 1 1 1 1 0 1 1 1 1 0 0 1 2 1 1 0 0 1 1 1 1 1 1 0 0 1 1 1 1 1 0 2 0 1
 2 1 1 0 0 1 0 1 0 1 1 1 0 1 1 1 2 1 1 0 2 1 1 1 1 1 1 1 1 1 1 0 1 1 1 1 1
 1 2 1 1 1 1 1 1 2 1 0 1 1 1 1 1 1 1 1 1 0 1 1 1 0 0 1 1 1 1 0 0 2 2 1 0 2
 1 1 1 1 0 1 1 0 1 1 0 1 1 1 1 0 0 1 0 1 0 1 1 1 1 0 2 1 1 1 1 1 1 1 1 1 1
 1 1 1 1 1 1 2 1 1 2 0 0 1 1 1 2 1 1 1 1 1 1 1 1 1 1 0 1 1 1 1 1 1 1 1 1 1
 1 1 1 1 0 1 1 1]

