============== Classifiers Parameters ==============
[{'n_estimators': 416, 'max_depth': 11, 'min_samples_split': 8, 'min_samples_leaf': 3}, {'n_estimators': 138, 'max_depth': 23, 'min_samples_split': 16, 'min_samples_leaf': 3}, {'n_estimators': 387, 'max_depth': 22, 'min_samples_split': 9, 'min_samples_leaf': 4}]

Optimal clusterer: kmeans++

External clustering metrics:
adjusted_rand_score: 0.29875153042745256
normalized_mutual_info_score: 0.25833004537299226
v_measure_score: 0.25833004537299226
fowlkes_mallows_score: 0.532530617051019

Internal clustering metrics:
silhouette: 0.34408031244768783
davies_bouldin: 0.9238286087390272
calinski_harabasz_score: 477.6596296378665

Base classifier: rf
========== Cluster 0 ==========

Labels: [0 0 2 0 0 0 1 1 0 1 0 0 0 1 0 0 0 1 0 0 1 0 0 2 2 0 0 0 0 0 2 1 0 2 0 0 1
 0 0 0 1 0 1 0 0 2 0 0 0 0 0 0 2 0 1 0 0 0 1 0 1 0 0 0 0 0 0 0 0 2 1 0 1 1
 0 0 2 0 0 1 1 0 0 0 0 2 0 0 2 0 0 0 0 2 0 0 1 0 2 0 0 0 0 0 0 0 0 2 0 0 1
 0 1 0 1 0 2 0 2 0 1 2 0 0 0 0 1 0 1 0 0 1 2 0 2 0 0 0 1 0 0 2 0 0 2 0 1 2
 0 0 2 2 1 0 0 0 2 0 1 0 0 0 0 0 1 0 0 1 0 0 2 2 0 0 0 0 2 0 1 0 0 0 2 2 0
 0 0 2 0 0 0 2 0 0 0 1 0 0 1 0 0 2 0 0 0 1 0 0 0 2 2 0 2 0 0 1 1 0 0 0 0 0]

========== Cluster 1 ==========

Labels: [2 2 2 1 2 0 1 2 2 0 1 0 1 1 2 2 2 2 1 0 1 2 1 2 2 1 2 2 2 1 0 2 2 2 2 2 2
 2 0 0 2 2 1 2 2 2 1 2 0 1 2 2 0 2 2 2 0 2 2 0 0 1 2 0 1 2 2 2 2 0 2 2 2 1
 2 1 2 2 2 1 2 2 2 2 0 2 2 2 1 1 2 2 2 2 2 2 2 2 0 2 0 2 0 2 2 2 1 1 2 2 2
 2 1 2 0 1 0 2 2 2 2 1 2 2 1 2 2 2 2 2 0 2 2 2 2 2 2 2 2 2 2 2 2 2 0 0 0 0
 2 2 2 2 2 2 2 2 2 0 2 2 2 2 2 2 2 1 2 2 2 0 2 2 1 2 2 2 0 2 2 2 2 2 2 2 2
 2 2 1 2 2 2 1 2 1 1 2 2 2 2 2 2 2 2 2 2 2 2 2 2 2 1 2 2 2 0 1 1 2 2 0 0 1
 2 0 0 2 2 2 2 1 2 2 2 2 2 2 2 2 2 0 0 2 0 2 1 2 2 0]

========== Cluster 2 ==========

Labels: [1 1 1 1 1 1 1 1 0 1 1 1 1 0 0 0 1 2 1 1 0 0 0 1 1 1 1 1 1 0 0 1 1 1 1 1 0
 2 0 1 2 1 1 1 0 1 1 0 0 1 1 1 0 1 2 1 1 2 0 1 1 1 1 0 1 0 1 0 1 1 1 1 0 1
 1 1 1 2 1 1 0 2 1 1 1 1 1 1 1 1 1 1 0 1 1 1 1 1 1 2 1 1 1 1 1 1 2 2 2 1 0
 1 1 1 1 1 0 1 1 0 1 1 1 0 1 1 1 1 0 0 1 0 1 0 1 1 1 1 0 2 1 1 1 1 1 1 1 1
 1 1 1 1 1 1 1 1 0 2 0 1 1 2 0 0 0 1 1 1 1 2 1 1 1 1 1 1 1 1 1 1 1 1 0 1 2
 1 1 1 1 1 1 1 1 1 1 1 1 0 1 1 0 1 0 1 1]

