Accuracy: 0.6296296296296297
Recall: 0.5833333333333334
Precision: 0.5833333333333334
F1: 0.5833333333333334

AUC: 0.6250000000000001

