Accuracy: 0.7037037037037037
Recall: 0.75
Precision: 0.5
F1: 0.6

AUC: 0.6833333333333333

