Accuracy: 0.5185185185185185
Recall: 0.46153846153846156
Precision: 0.5
F1: 0.48

AUC: 0.5166666666666667

