Accuracy: 0.6666666666666666
Recall: 0.6363636363636364
Precision: 0.5833333333333334
F1: 0.6086956521739131

AUC: 0.8111111111111111

