Accuracy: 0.668918918918919
Recall: 0.668918918918919
Precision: 0.7004504504504504
F1: 0.6753822788305547

AUC: 0.7825403327063025

