Accuracy: 0.5878378378378378
Recall: 0.5878378378378378
Precision: 0.6132247413082328
F1: 0.5904555498895122

AUC: 0.7738687405016887

