Accuracy: 0.5170068027210885
Recall: 0.5170068027210885
Precision: 0.516126797039162
F1: 0.514904143475572

AUC: 0.6794426491578379

