Accuracy: 0.564625850340136
Recall: 0.564625850340136
Precision: 0.5741326833763808
F1: 0.5667754249035037

AUC: 0.7492479115516488

