Accuracy: 0.5986394557823129
Recall: 0.5986394557823129
Precision: 0.6455950345506167
F1: 0.6147730203192387

AUC: 0.7485668498748073

