Accuracy: 0.5578231292517006
Recall: 0.5578231292517006
Precision: 0.577284882206851
F1: 0.5656208752157579

AUC: 0.7291942771703755

