Accuracy: 0.5067567567567568
Recall: 0.5067567567567568
Precision: 0.5307176924823983
F1: 0.5093553129281422

AUC: 0.7028517447854524

