Accuracy: 0.5986394557823129
Recall: 0.5986394557823129
Precision: 0.6229447045773576
F1: 0.6060105827438906

AUC: 0.7313898623422433

