Accuracy: 0.5782312925170068
Recall: 0.5782312925170068
Precision: 0.5842804654329264
F1: 0.5783566882974388

AUC: 0.7148742526870753

