Accuracy: 0.8888888888888888
Recall: 0.8888888888888888
Precision: 0.8981481481481483
F1: 0.8888888888888888

AUC: 0.9204406704406706

