Accuracy: 0.5034013605442177
Recall: 0.5034013605442177
Precision: 0.5022898048108132
F1: 0.4999228352488584

AUC: 0.6844085022366203

