Accuracy: 0.581081081081081
Recall: 0.581081081081081
Precision: 0.5898251192368839
F1: 0.5837618998104349

AUC: 0.7411073122804316

