Accuracy: 0.5102040816326531
Recall: 0.5102040816326531
Precision: 0.5290843610171341
F1: 0.5160614037570644

AUC: 0.6918147608591548

