Accuracy: 0.6054421768707483
Recall: 0.6054421768707483
Precision: 0.6231797192181346
F1: 0.6106228882518775

AUC: 0.7533196603114044

