Accuracy: 0.5337837837837838
Recall: 0.5337837837837838
Precision: 0.5430009841774548
F1: 0.5373990215700644

AUC: 0.6744422625865925

