Accuracy: 0.5510204081632653
Recall: 0.5510204081632653
Precision: 0.5820550442399182
F1: 0.5635368745313418

AUC: 0.7013695474645645

