Accuracy: 0.5170068027210885
Recall: 0.5170068027210885
Precision: 0.5206977451875411
F1: 0.5187074829931972

AUC: 0.6915257641245405

