Accuracy: 0.46258503401360546
Recall: 0.46258503401360546
Precision: 0.46069683284569235
F1: 0.46007098892724047

AUC: 0.6599862410851279

