Accuracy: 0.581081081081081
Recall: 0.581081081081081
Precision: 0.5960596598642139
F1: 0.5868363950331162

AUC: 0.747726732050908

