Accuracy: 0.5170068027210885
Recall: 0.5170068027210885
Precision: 0.5512871815392824
F1: 0.5287906806781313

AUC: 0.6752801621268745

