Accuracy: 0.8148148148148148
Recall: 0.7333333333333333
Precision: 0.9166666666666666
F1: 0.8148148148148148

AUC: 0.8833333333333333

