Accuracy: 0.8518518518518519
Recall: 1.0
Precision: 0.6666666666666666
F1: 0.8

AUC: 0.8749999999999999

