Accuracy: 0.8518518518518519
Recall: 0.8333333333333334
Precision: 0.8333333333333334
F1: 0.8333333333333334

AUC: 0.9277777777777778

