Accuracy: 0.9649122807017544
Recall: 1.0
Precision: 0.9047619047619048
F1: 0.95

AUC: 0.9947089947089947

