============== Classifiers Parameters ==============
[{'n_estimators': 84, 'max_depth': 21, 'min_samples_split': 4, 'min_samples_leaf': 5}, {'n_estimators': 45, 'max_depth': 13, 'min_samples_split': 4, 'min_samples_leaf': 1}, {'n_estimators': 225, 'max_depth': 17, 'min_samples_split': 10, 'min_samples_leaf': 3}]

Optimal clusterer: kmeans++

External clustering metrics:
adjusted_rand_score: -0.002403962593373712
normalized_mutual_info_score: 0.013707304705954196
v_measure_score: 0.013707304705954196
fowlkes_mallows_score: 0.5441441403735688

Internal clustering metrics:
silhouette: 0.07297736557437973
davies_bouldin: 3.5236851841454273
calinski_harabasz_score: 69.90190671795611

Base classifier: rf
========== Cluster 0 ==========

Labels: [0 0 0 0 0 1 0 0 1 0 0 0 0 0 0 1 0 0 1 0 0 1 0 0 1 0 0 0 1 0 0 1 0 0 1 0 0
 0 0 0 0 0 0 1 0 0 0 0 1 0 0 0 0 1 0 0 0 0 1 1 0 0 0 0 0 0 0 1 1 0 1 1 1 0
 0 1 1 0 0 0 0 1 0 0 0 1 0 1 0 0 1 0 0 0 0 1 0 0 0 1 1 0 0 1 0 1 0 0 0 0 0
 0 1 0 1 0 1 0 0 0 1 0 0 0 0 0 0 0 0 0 0 0 1 0 0 0 0 0 0 0 0 0 0 0 0 1 0 0
 0 0 0 0 0 0 0 1 1 0 1 0 1 0 1 0 1 0 1 1 1 0 0 0 0 0 0 0 0 0 1 1 0 1 0 0 1
 0 0 0 0 0 0 1 0 1 0 0 0 0 0 0 0 0 0 0 0 0 0 0 1 0 0 0 0 1 0 0 0 0 0 0 1 1
 0 1 0 1 0 1 0 0 0 0 1 1 0 1 1 1 0 0 0 1 0 0 1 1 0 0 0 0 0 0 0 1 0 0 0 0 0
 0 0 0 0 0 0 0 0 1 0 0 0 0 0 1 0 0 0 0 0 1 1 0 0 1 0 0 0 0 0 1 0 1 0 0 0 0
 0 0 0 0 1 0 0 0 0 0 0 0 0 0 1 0]

========== Cluster 1 ==========

Labels: [1 0 0 0 0 0 0 0 0 1 1 1 0 1 0 0 1 0 0 0 0 0 1 1 0 0 0 1 0 0 0 0 0 1 1 0 1
 0 0 1 1 0 1 1 0 0 1 0 0 0 0 1 1 0 0 0 1 0 1 1 0 0 1 0 1 1 1 0 0 1 0 0 0 0
 0 0 0 0 0 0 0 0 1 1 1 0 1 1 0 0 1 1 0 0 0 1 0 1 0 0 0 1 1 0 1 0 0 1 0 1 0
 1 0 0 0 0 0 1 0 0 1 1 1 1 0 1 1 0 1 0 1 0 0 1 1 0 0 0 1 0 0 1 1 0 0 1 1 1
 1 0 0 1 0 1 1 1 0 1 0 1 0 0 0 1 0 0 0 0 0 0 1 0 1 0 1 0 0 0 0 0 1 1 1 1 1
 1 0 0 0 0 0 1 0 0 0 0 1 0 0 0 0 1 1 0 0 0 0 0 0 0 0 0 0 0 0 1 0 0 0 1 1 0
 0 0 1 0 0 0 0 0 0 0 0 0 0 0 1 1 0 0 0 1 1 1 0 0 0 1 0 0 0 1 0 0 0 1 0 0 0
 0 0 1 0 0 1 1 1 0 1 0 1 0 1 1 1 1 1 0 0 1 1 1 1 0]

========== Cluster 2 ==========

Labels: [0 0 0 0 0 1 1 1 1 1 0 0 0 0 0 0 0 0 1 0 0 1 0 0 0 1 0 0 1 1 0 1 0 0 1 1 0
 0 0 1 1 0 0 0 0 0 1 1 0 1 0 0 0 0 0 0 0 0 0 0 1 1 0 0 0 0 1 1 1 0 0 0 0 0
 0 0 0 0 0 0 0 0 0 1 0 0 0 0 0 0 0 0 1 0 0 0 1 0 0 0 1 1 0 0 0 0 1 1 1 0 0
 0 0 0 1 0 1 0 0 1 0 0 0 1 0 0 0 0 0 0 1 0 0 0 0 0 0 0 0 1 0 0 1 0 0 0 1 0
 1 0 0 1 0 1 1 0 0 0 1 0 0 1 0 0 1 1 0 0 1 0 0 0 0 0 0 1 0 0 0 1 0 0 0 1 0
 0 0 0 0 0 0 0 0 0 1 0 1 1 0 0 0 0 0 0 0 0 0 0 0 0 0 1 0 0 0 1 0 0 1 0 1 1
 0 0 0 0 0 1 0 0 1 0 0 1 0 0 1 0 0 1 0 1 0 0 0 1 1 1 0 0 0 1 1 0 0 0 0 0 0
 0 1 0 0 1 0 0 1 1 1 0 0 1 0 0 0 1 0 0 0 1 0 1 1 0 0 1 1 0 1 0 0 0 1 0 0 0
 0 1 1 0 0 1 0 0]

