============== Classifiers Parameters ==============
[{'n_estimators': 225, 'max_depth': 7, 'min_samples_split': 3, 'min_samples_leaf': 2, 'learning_rate': np.float64(0.669441294810697)}, {'n_estimators': 38, 'max_depth': 6, 'min_samples_split': 8, 'min_samples_leaf': 8, 'learning_rate': np.float64(0.7324094131636958)}, {'n_estimators': 6, 'max_depth': 5, 'min_samples_split': 9, 'min_samples_leaf': 3, 'learning_rate': np.float64(0.743608524494468)}, {'n_estimators': 15, 'max_depth': 2, 'min_samples_split': 2, 'min_samples_leaf': 7, 'learning_rate': np.float64(0.8223962564858363)}]

Optimal clusterer: kmeans++

External clustering metrics:
adjusted_rand_score: -0.004267353707193887
normalized_mutual_info_score: 0.013435373647358502
v_measure_score: 0.013435373647358504
fowlkes_mallows_score: 0.5449380323311565

Internal clustering metrics:
silhouette: 0.07364030193173166
davies_bouldin: 3.5031790240032863
calinski_harabasz_score: 70.25522277388605

Base classifier: gb
========== Cluster 0 ==========

Labels: [0 0 0 0 0 0 0 1 0 1 1 1 0 0 1 0 0 1 0 1 0 1 0 0 0 0 1 0 0 0 0 0 0 0 0 0 1
 1 0 0 0 0 0 0 0 1 0 1 0 0 0 1 1 0 0 0 0 1 1 1 0 1 0 0 0 0 1 1 1 1 0 1 0 1
 0 0 0 0 1 1 1 0 1 0 0 1 0 0 0 0 0 0 0 0 1 0 1 1 0 1 0 0 0 0 0 0 0 1 1 0 0
 0 1 1 0 1 0 0 1 1 0 1 0 1 1 0 0 0 0 1 0 1 0 1 0 0 0 1 0 0 1 0 0 0 0 0 0 0
 0 1 0 0 0 0 0 0 0 0 0 0 1 0 0 0 0 1 0 0 0 0 0 0 1 0 1 0 0 1 0 0 1 1 0 0 1
 0 0 0 0 1 0 0 0 0 0 0 0 1 0 1 0 1]

========== Cluster 1 ==========

Labels: [0 0 0 0 1 1 0 0 1 0 1 0 1 0 0 0 0 0 1 0 1 0 0 1 1 0 0 1 1 0 0 0 1 0 1 0 0
 0 1 0 1 1 0 0 0 1 0 0 1 1 1 1 0 1 0 1 0 1 1 1 0 0 0 0 1 0 0 0 1 1 0 0 1 0
 0 0 0 1 1 1 0 0 1 1 0 0 0 0 0 1 0 1 0 0 0 0 0 0 0 1 0 0 1 1 1 1 0 1 1 1 0
 1 1 1 0 0 1 0 0 0 0 0 0 1 1 0 0 1 0 0 1 0 0 0 0 0 1 1 0 0 0 1 1 0 1 1 0 1
 0 0 0 0 0 1 0 1]

========== Cluster 2 ==========

Labels: [1 0 0 1 0 1 1 1 0 0 0 0 0 1 1 0 0 1 0 0 0 0 0 1 0 0 0 1 1 0 0 0 0 0 1 0 1
 1 0 0 0 0 0 1 1 0 0 0 0 1 1 0 0 1 0 0 0 1 0 0 1 1 0 1 1 1 0 0 0 1 1 0 0 0
 0 0 0 0 0 0 0 0 0 0 0 0 0 0 0 0 0 0 0 0 0 1 0 1 0 0 0 0 0 0 0 1 0 0 1 0 1
 0 0 1 0 0 0 0 0 0 0 0 0 0 0 0 0 0 1 0 0 1 0 0 0 0 0 0 0 1 1 0 0 0 0 0 0 1
 0 0 1 0 0 1 0 0 0 1 0 1 0 0 1 1 1 1 1 0 0 1 1 0 0 1 0 0 0 0 1 1 1 0 0 0 0
 1 0 1 0 1 0 1 0 0 0 0 0 0 0 0 0 0 1 0 1 0 0 0 1 0 0 0 1 0 0 1 1 1 1 0 0 1
 0 0 1 0 0 0 0 0 1 0 1 0 0 1 1 0 0 0 0 0 0 0 0 1 0 0 1 0 0 0 0 0 0 1 0 1 1
 0 1 1 0 1 0 1 1 1 1 1 1 1 0 0 1 0 0]

========== Cluster 3 ==========

Labels: [0 0 0 0 0 0 1 0 0 0 0 0 0 1 0 0 0 0 1 0 1 0 0 0 1 0 0 1 0 0 0 0 0 0 0 1 0
 0 0 0 1 0 0 0 1 0 0 0 1 0 0 0 0 0 0 1 1 0 1 1 1 0 0 1 0 0 0 0 1 0 0 0 1 0
 1 0 1 0 0 0 0 1 0 0 0 1 0 0 1 0 1 0 0 0 0 0 0 0 1 0 1 0 0 0 1 0 0 0 0 0 0
 0 0 0 0 0 0 1 0 0 0 0 0 0 0 0 0 0 0 1 0 1 0 1 1 1 0 0 1 1 0 0 0 0 0 0 0 0
 0 0 0 0 0 0 0 0 0 0 0 1 1 0 1 0 0 1 0 1 1 1 0 0 0 0 0 0 0 0 0 0 1 1 0 0 0
 1 0 0 0 0 0 1 0 0 0 0 0 0 0 0 1 0 0 0 1 0 0 1 0 0 0 0 0 0 0 1 0 0 0 0 0 0
 0 0 0 0 0 1 0 0 0 0 1 0 0 0 0 0 1 1 0 1 0 0 0 0 1 0 1 0 0 0 0 0 0 0 1 0 0
 0 0 0 0 1 0]

