============== Classifiers Parameters ==============
[{'n_estimators': 257, 'max_depth': 26, 'min_samples_split': 19, 'min_samples_leaf': 4}, {'n_estimators': 208, 'max_depth': 30, 'min_samples_split': 12, 'min_samples_leaf': 2}]

Optimal clusterer: agglomerative_clustering

External clustering metrics:
adjusted_rand_score: -0.014580218273341272
normalized_mutual_info_score: 0.01616546152050326
v_measure_score: 0.01616546152050326
fowlkes_mallows_score: 0.5539639199689592

Internal clustering metrics:
silhouette: 0.05761350659286769
davies_bouldin: 3.8388250460233837
calinski_harabasz_score: 54.737580510154075

Base classifier: rf
========== Cluster 0 ==========

Labels: [1 0 0 0 0 0 0 0 0 1 0 1 1 1 1 1 0 0 0 0 0 0 0 0 0 0 1 1 0 1 0 0 1 0 0 0 1
 0 0 0 0 1 0 0 1 1 0 1 0 0 0 0 1 1 1 0 0 0 1 0 0 0 1 1 1 1 0 0 0 1 1 0 0 0
 1 0 0 1 1 0 0 1 1 0 0 0 0 0 1 0 1 0 1 0 0 1 1 1 0 0 0 0 1 1 0 1 0 0 0 0 0
 0 0 0 0 0 1 0 0 1 1 0 0 0 1 0 1 1 1 0 1 0 0 0 0 0 1 0 1 1 0 0 0 0 1 0 0 0
 0 0 0 0 0 0 0 0 0 0 0 0 1 1 0 0 0 0 0 0 0 0 0 0 1 1 0 0 1 0 1 0 0 0 1 1 0
 1 0 1 0 0 0 0 0 0 1 1 0 1 1 0 0 0 1 0 0 1 1 0 0 1 1 0 0 1 0 1 0 0 0 1 1 0
 0 1 0 0 1 0 0 0 1 0 0 1 1 0 0 1 1 1 0 0 0 0 0 0 0 0 0 0 1 0 0 1 0 0 0 1 1
 1 0 0 1 1 0 0 0 1 0 0 1 0 0 1 0 0 0 0 0 0 0 1 0 1 0 0 0 0 0 1 0 0 1 0 0 0
 1 1 1 1 0 0 0 0 1 1 0 0 0 0 0 1 1 0 1 0 0 0 0 0 0 1 0 1 1 1 1 1 1 1 1 1 1
 1 0 1 0 0 0 1 1 0 0 0 0 0 0 1 0 0 0 0 1 0 1 0 1 0 0 1 1 0 0 0 0 0 1 0 0 0
 0 1 0 0 0 0 0 0 0 0 1 0 0 0 0 1 0 1 0 1 1 0 0 1 1 0 1 1 0 1 1 1 0 0 0 0 0
 0 1 0 0 0 0 1 0 0 1 1 0 0 0 0 1 0 1 0 0 0 0 1 1 1 0 0 0 1 0 0 0 0 0 0 0 0
 1 1 0 1 0 0 0 0 0 1 0 1 0 1 1 0 0 0 1 1 1 0 0 0 0 0 1 0 0 1 0 1 0 0 1 0 0
 0 0 0 0 0 1 0 1 0 1 0 0 0 1 1 1 0 0 0 0 0 0 0 0 0 1 1 0 1 1 1 0 0 0 0 0 1
 0 1 0 0 0 0 0 1 0 0 1 0 0 1 0 0 0 1 0 0 1 1 0 0 1 1 1 0 0 0 1 0 1 0 1 0 0
 1 1 0 1 0 0 1 1 0 1 0 1 1 0 0 0 0 1 0 0 1 0 1 0 1 0]

========== Cluster 1 ==========

Labels: [0 0 0 0 0 0 1 0 0 0 0 0 0 1 0 0 1 0 0 0 1 0 1 0 0 1 0 0 0 0 0 1 0 0 0 0 0
 0 0 0 0 0 1 0 0 0 0 1 0 0 1 0 0 0 0 0 0 1 0 0 0 0 0 0 0 0 1 1 1 0 1 1 1 0
 0 0 0 1 0 0 0 0 0 1 0 0 0 1 1 0 1 0 1 0 0 0 1 0 0 0 0 0 0 1 0 1 0 0 0 0 0
 0 0 0 1 0 0 0 0 1 0 0 0 0 1 0 0 0 0 0 0 0 0 0 0 0 0 0 1 0 0 0 0 0 0 0 0 0
 0 0 0 0 0 1 0 1 1 0 0 0 1 1 1 0 0 1 1 0 0 0 0 0 1 0 0 1 1 0 0 0 0 0 0 0 0
 0 0 1 0 1 0 0 1 0 0 0 0 1 0 1 0 0 0 0 0 0 0 0 0 0 0 0 0 0 0 1 0 0 0 0 0 0
 0 0 0 0 0 1 1 0 1 0 0 0 1 0 0 0 0 1 0 0 1 1 0 1 1 0 0 0 0 0 1 0 0 0 0 0 0
 0 0 0 0 0 0 0 0 0 0 0 0 0 0 0 0 0 1 0 0 0 1 0 0 0 0 0 0 0 1 1 1 0 1 0 0 0
 0 0 0 1 1 0 0 1 0 0 0 0 0 0 0 0 0 0 1 0 1 0 0]

