============== Classifiers Parameters ==============
[{'n_estimators': 301, 'max_depth': 27, 'min_samples_split': 14, 'min_samples_leaf': 6}, {'n_estimators': 483, 'max_depth': 10, 'min_samples_split': 19, 'min_samples_leaf': 5}, {'n_estimators': 153, 'max_depth': 15, 'min_samples_split': 15, 'min_samples_leaf': 2}]

Optimal clusterer: kmeans++

External clustering metrics:
adjusted_rand_score: 0.04303372151819716
normalized_mutual_info_score: 0.0087741808403415
v_measure_score: 0.008774180840341502
fowlkes_mallows_score: 0.6553209384529678

Internal clustering metrics:
silhouette: 0.08180501639896325
davies_bouldin: 3.183743754829539
calinski_harabasz_score: 51.140780250771414

Base classifier: rf
========== Cluster 0 ==========

Labels: [1 0 0 0 0 1 0 1 1 1 0 0 0 0 0 0 0 0 0 0 1 1 1 0 0 0 1 0 0 0 0 0 1 0 0 0 1
 1 0 1 0 0 0 0 1 1 1 0 0 0 1 1 1 0 0 1 0 0 0 1 1 0 0 0 0 0 0 0 1 1 0 0 0 1
 1 0 0 0 0 0 0 0 0 1 0 0 0 1 1 0 0 0 1 0 1 1 1 0 1 0 0 0 0 1 1 0 0 0 0 0 0
 0 0 0 0 0 0 0 0 0 0 0 1 0 0 0 0 0 0 0 0 0 1 0 0 0 0 0 0 1 1 0 1 0 1 0 0 0
 0 0 1 1 1 0 0 0 0 0 1 0 0 1 0 0 0 0 1 1 0 1 0 0 1 0 0 0 1 0 1 0 0 1 0 1 0
 0 0 0 0 0 0 0 0 0 1 0 0 1 0 0 1 1 1 0 0 0 0 1 0 0 0 1 0 0 0 0 0 0 1 0 1 0
 0 0 0 0 0 0 0 0 1 1 0 1 0 0 1 1 0 0 0 0 0 1 0 0 0 0 0 0 0 1 1 0 1 0 0 1 1
 1 1 0 1 0 1 0 0 0 1 1 1 0 0 0 0 1 1 1 0 0 1 0 0 1 0 0 1 1 1 0 0 1 0 0 0 1
 0 0 0 0 1 0 1 0 1 0 1 1 0 1 0 0 0 0 1 0 0 1 0 0 0 0 0 0 0 0 0 0 0 0 0 1 0
 1 0 0 0 0 0 0 1 0 0 0 0 0 0 0 0 0 0 1 0 1 0 1 0 1 1 1 0 1 0 1 1 0 0 0 0 0
 1 0 0 0 0 1 0 0 0 0 1 0 0 0 1 1 0 0 0 1 0 0 0 0 1 0 0 0 1 1 1 0 0 0 0 0 0
 0 1 1 0 0 0 0 1 0 0 1 0 0 0 0 0 0 0 0 1 1 0 1 0 0 1 1 1 0 0 0 0 0 0 0 1 0
 1 1 1 1]

========== Cluster 1 ==========

Labels: [0 0 0 0 1 1 0 0 1 0 1 0 1 0 0 0 0 0 1 0 1 0 0 1 1 0 0 1 1 0 0 0 1 0 0 0 0
 1 0 1 1 0 0 0 1 0 0 1 1 1 1 0 1 0 1 0 1 1 1 0 0 0 0 1 0 0 0 1 1 0 0 1 0 0
 0 0 1 1 1 0 0 1 1 0 0 0 0 0 1 0 1 0 0 0 0 0 0 0 1 0 0 1 1 1 1 0 1 1 1 0 1
 1 1 0 0 1 0 0 0 0 0 0 0 1 1 0 0 0 0 1 0 1 1 0 0 1 0 0 0 1 1 0 1 1 0 0 1 0
 0 0 1 0 0 0 0 0 1 1]

========== Cluster 2 ==========

Labels: [0 0 0 0 0 0 1 0 0 0 0 0 0 1 0 0 0 0 1 0 1 0 0 0 1 0 0 1 0 0 0 0 0 0 0 0 0
 1 1 0 0 0 0 1 0 0 1 0 0 1 0 0 0 0 1 1 0 0 0 0 0 0 1 1 0 1 1 1 0 0 0 1 0 0
 0 0 1 0 0 0 1 0 1 0 1 0 0 0 0 1 0 0 0 1 0 0 0 1 0 1 0 0 0 0 0 0 1 0 0 1 0
 1 0 0 0 1 0 0 0 0 0 0 0 0 0 0 0 0 1 0 0 0 0 0 0 0 0 0 0 0 0 0 1 0 1 1 0 1
 1 1 0 0 1 1 0 0 1 0 0 0 0 0 0 0 0 0 0 0 0 1 0 0 0 0 0 0 1 1 0 1 0 0 1 0 1
 0 0 1 1 0 0 0 0 0 0 0 0 0 0 1 1 0 0 0 1 0 0 0 0 0 1 1 0 0 0 0 0 0 0 0 0 0
 0 0 0 0 1 0 0 0 0 1 0 0 0 0 0 0 1 1 0 1 0 1 0 0 0 0 0 0 0 1 1 0 1 0 0 0 1
 0 0 1 0 0 0 0 0 0 0 1 0 0 0 0 0 0 0 0 0 0 0 0 0 0 1 0 0 0 0 1 0 1 1 1]

