============== Classifiers Parameters ==============
[{'cost': np.float64(434.3949504378656), 'gamma': np.float64(210.20129343239884)}, {'cost': np.float64(875.305169226286), 'gamma': np.float64(487.96109624543305)}, {'cost': np.float64(224.98149307567058), 'gamma': np.float64(41.20879162067671)}]

Optimal clusterer: agglomerative_clustering

External clustering metrics:
adjusted_rand_score: 0.031228958141399386
normalized_mutual_info_score: 0.005013921345258854
v_measure_score: 0.005013921345258854
fowlkes_mallows_score: 0.664582666675716

Internal clustering metrics:
silhouette: 0.0674135383826243
davies_bouldin: 3.3809617055272856
calinski_harabasz_score: 39.97786243698018

Base classifier: svm
========== Cluster 0 ==========

Labels: [1 0 0 0 0 1 1 1 1 1 0 1 0 0 0 0 1 0 0 1 1 1 0 0 0 0 1 0 0 0 0 0 1 0 0 0 1
 1 0 1 0 0 0 0 1 1 1 0 0 1 1 0 0 0 0 1 1 0 0 0 1 0 0 1 0 0 0 0 0 0 0 0 0 0
 0 0 0 0 0 0 1 0 0 0 0 0 0 0 0 0 1 0 0 0 0 0 0 1 1 0 0 1 0 0 0 0 0 1 0 1 1
 0 1 0 0 0 0 0 1 0 0 0 0 1 1 1 0 1 0 0 1 1 0 0 1 0 0 1 0 0 1 0 1 0 0 1 0 1
 0 0 0 0 0 0 0 0 0 1 0 0 0 1 0 0 0 0 1 1 1 0 1 0 0 0 1 0 0 0 0 0 1 0 0 0 0
 0 0 1 0 1 0 0 0 0 1 1 1 0 0 0 0 0 1 1 1 1 0 0 0 1 1 0 0 0 0 0 1 1 0 0 0 0
 0 0 1 0 1 1 0 1 0 0 0 0 1 1 1 1 0 1 0 0 0 1 0 0 0 0 1 1 1 0 0 0 0 0 1 1 1
 0 0 0 1 0 0 0 1 1 0 1 1 0 1 1 0 0 1 0 0 0 0 0 1 0 1 0 1 0 1 1 0 0 1 0 0 0
 0 1 0 0 0 1 0 0 0 0 0 0 0 0 0 0 0 0 0 1 0 1 0 1 0 1 0 0 0 0 0 1 0 0 1 0 0
 0 0 0 0 0 0 1 0 0 0 0 1 0 1 0 1 1 1 1 0 0 1 1 0 1 1 0 0 0 0 0 0 0 1 1 0 0
 0 0 0 1 0 1 0 1 0 0 1 0 1 0 0 1 1 0 0 0 0 1 0 0 0 0 1 0 0 0 1 1 1 1 0 0 0
 0 0 0 0 1 1 1 0 0 0 0 0 0 0 0 1 0 0 1 0 0 0 0 0 0 0 0 0 0 1 0 1 0 1 0 0 1
 1 1 0 0 0 0 0 0 0 0 0 0 1 0 1 1 0 0 0 0 1 0 1 0 0 0 1 1 0 0 0 1 0 0 0 0 0
 1 0 0 1 1 0 0 1 1 0 0 0 1 0 0 0 1 1 1 0 0 1 1 1 0 1 1 0 0 0 1 0 0 0 1 0 1
 0]

========== Cluster 1 ==========

Labels: [0 0 0 0 1 0 0 0 1 0 1 0 0 0 0 1 0 0 1 1 0 0 1 0 0 0 1 1 1 1 0 0 1 0 1 0 1
 1 0 0 0 0 1 0 0 0 1 0 0 1 0 0 0 1 1 0 0 1 0 0 0 1 1 0 0 0 0 0 1 0 0 1 1 1
 0 1 1 1 0 1 1 1 0 0 1 0 0 0 0 0 0 1 1 0 0 0 1 0 0 0 1 0 0 0 1 0 1 1 1 0 0
 1 0 0 1 0 0 0 0 0 1 1 0 0 0 1 1 0 1 1 0 1 0 0 0 0 1 0 1 0]

========== Cluster 2 ==========

Labels: [0 0 0 0 0 0 0 0 0 0 0 0 0 1 0 0 0 0 0 0 0 1 1 0 0 1 0 0 0 0 1 1 1 1 0 1 0
 0 0 1 0 0 0 1 1 0 1 1 0 0 0 0 0 1 0 0 0 0 0 0 0 0 0 1 0 0 1 0 1 0 0 0 0 1
 0 0 0 0 0 0 0 0 0 1 0 0 0 0 0 0 0 0 0 0 0 1 0 0 0 0 1 1 0 1 1 0 0 0 0 0 0
 0 0 0 0 0 0 1 0 0 0 0 0 0 1 0 1 1 0 0 0 1 0 1 1 1 0 0 0 0 0 0 0 0 0 0 1 0
 0 0 0 0 1 0 0 0 0 0 0 0 0 0 0 0 0 0 0 0 0 0 0 0 0 0 1 0 1 0 0 0 0 0 0 0 1
 0 1 1 0 0 0 0 0 1 0 0 0 0 0 0 0 0 0 0 0 0 0 1 0 0 0 1 0 0 0 0 0 0 1 0 0 1
 0 0 0 0 1 1 0 0 0 0 0 1 0 0 0 0 0 1 0]

