Accuracy: 0.5405405405405406
Recall: 0.5405405405405406
Precision: 0.5448053095111919
F1: 0.541460947534171

AUC: 0.7309086509143959

