Accuracy: 0.4965986394557823
Recall: 0.4965986394557823
Precision: 0.5007925248021287
F1: 0.4984452853211282

AUC: 0.6693555567717074

