Accuracy: 0.5374149659863946
Recall: 0.5374149659863946
Precision: 0.5344827685764061
F1: 0.5340043930967625

AUC: 0.6443078294582053

