Accuracy: 0.4189189189189189
Recall: 0.4189189189189189
Precision: 0.461278093156651
F1: 0.4252252252252252

AUC: 0.6639371005689524

