Accuracy: 0.4897959183673469
Recall: 0.4897959183673469
Precision: 0.49754678206058756
F1: 0.4873781477510043

AUC: 0.6664741853679271

