Accuracy: 0.4594594594594595
Recall: 0.4594594594594595
Precision: 0.5041259747142101
F1: 0.45523386003713034

AUC: 0.6680194480879106

