Accuracy: 0.5102040816326531
Recall: 0.5102040816326531
Precision: 0.5137241043603589
F1: 0.5060683435969476

AUC: 0.7230376611481028

