Accuracy: 0.46258503401360546
Recall: 0.46258503401360546
Precision: 0.45822427094936097
F1: 0.4589163071688541

AUC: 0.6650528089580684

