Accuracy: 0.5170068027210885
Recall: 0.5170068027210885
Precision: 0.5578802949751329
F1: 0.5265532409657615

AUC: 0.7183868796056435

