============== Classifiers Parameters ==============
[{'cost': np.float64(425.79667281808224), 'gamma': np.float64(64.677364393461)}, {'cost': np.float64(576.74058602584), 'gamma': np.float64(15.386099120417612)}, {'cost': np.float64(968.7943893499203), 'gamma': np.float64(637.4508842262312)}]

Optimal clusterer: agglomerative_clustering

External clustering metrics:
adjusted_rand_score: 0.0017343775688076967
normalized_mutual_info_score: 0.0020536914272196167
v_measure_score: 0.0020536914272196167
fowlkes_mallows_score: 0.5003909366880918

Internal clustering metrics:
silhouette: 0.3752012263534397
davies_bouldin: 0.947498687041794
calinski_harabasz_score: 864.3903794102274

Base classifier: svm
========== Cluster 0 ==========

Labels: [1 1 1 1 1 1 0 1 1 1 0 1 1 0 1 0 0 0 1 1 0 0 0 1 0 1 0 1 0 1 0 0 0 1 1 0 1
 0 0 1 0 0 1 0 0 0 0 1 0 1 1 1 0 0 1 1 0 1 1 1 0 0 0 0 1 1 1 0 1 0 0 0 0 0
 0 0 1 0 1 1 0 1 0 0 0 1 1 1 1 0 0 0 0 0 1 0 0 1 0 1 1 0 0 1 1 0 0 1 0 1 1
 1 1 0 1 0 1 1 1 0 1 1 0 1 0 0 0 0 1 0 0 0 1 0 0 0 1 1 0 0 0 1 0 0 1 0 1 0
 1 1 0 0 1 0 1 1 1 0 0 0 1 0 0 1 0 0 0 0 0 1 1 1 0 0 1 1 0 1 0 0 1 0 0 0 0
 0 0 1 1 0 0 0 0 0 0 1 1 0 0 0 0 1 1 0 0 1 1 1 0 1 1 1 1 1 0 1 0 0 0 0 0 0
 0 0 1 0 1 1 1 1 1 1 0 0 1 0 0 1 1 0 0 0 0 1 1 0 0 0 1 1 1 0 0 0 0 1 1 0 1
 1 1 0 1 1 0 0 1 0 1 1 0 1 0 0 0 1 0 1 0 0 0 0 0 1 1 0 0 1 1 0 0 0 0 1 0 1
 0 1 0 0 0 0 0 0 1 1 1 1 1 0 1 0 0 1 0 1 1 0 1 0 1 1 0 0 1 0 0 1 0 0 0 0 1
 0 1 0 1 0 0 0 1 1 1 0 0 0 1 0 1 1 1 1 0 1 1 1 1 0 0 0 1 1 0 1 0 1 1 0 1 0
 0 0 0 1 1 1 1 0 1 1 1 1 1 1 0 1 0 1 1 0 1 1 1 1 0 1 0 0 1 1 1 0 0 0 1 1 0
 0 1 1 1 1 1 0 1 1 1 0 0 1 0 0 0 0 1 0 0 0 1 0 1 1 1 1 1 1 1 0 0 1 0 1 1 0
 0 0 1 0 0 0 1 0 1 0 0 0 1 0]

========== Cluster 1 ==========

Labels: [0 0 1 0 1 0 0 0 1 0 0 1 1 1 0 1 0 1 0 1 1 0 0 0 0 0 1 1 1 1 1 1 1 0 0 0 1
 0 1 1 1 0 1 1 1 1 1 1 1 1 1 0 0 0 1 0 0 1 1 1 0 0 0 1 0 1 0 0 1 1 0 1 1 1
 1 0 1 0 0 0 0 1 0 1 1 0 0 0 0 1 0 0 1 0 1 0 0 0 0 1 1 1 1 1 1 1 1 0 0 1 1
 1 0 1 0 1 1 0 0 0 0 0 0 0 0 1 1 0 0 0 0 1 1 1 0 1 1 0 1 0 1 0 1 1 0 1 1 1
 1 0 0 0 1 1 1 1 0 0 1 0 0 1 1 1 1 1 0 0 0 0 1 0 1 1 0 0 0 1 0 0 1 0 1 0 0
 1 0 0 1 1 1 0 0 1 1 0 1 0 1 0 1 0 0 1 1 0 1 0 1 1 0 1 0 1 1 1 0 1 1 0 1 1
 0 1 1 1 1 1 1 1 1 1 0 1 1 0 1 1 0 0 1 0 1 1 1 0 0 1 1 1 0 0 1 0 0 0 0 1 1
 0 1 0 1 1 1 1 0 0 0 1 1 1 0 0 1 1 1 1 1 1 1 1 1 1 1 1 1 0 1 0 0 1 0 1 1 0
 1 1 1 1 0 1 0 0 0 1 0 0 1 0 1 0 0 0 0 1 0 1 0 0 0]

========== Cluster 2 ==========

Labels: [1 1 1 1 0 0 1 1 1 0 0 1 1 1 1 1 0 0 1 1 0 1 1 1 1 0 0 1 0 1 1 0 0 0 1 0 1
 1 0 0 1 1 0 0 1 0 0 1 1 0 0 0 0 0 1 1 0 1 0 0 0 0 1 1 0 0 1 0 0 0 1 0 0 0
 1 1 0 1 0 0 0 1 0 0 1 1 0 1 0 1 1 1 0 1 0 0 0 1 0 0 0 0 1 1 0 1 0 1 1 1 1
 1 0 0 1 0 1 0 1 0 0]

