============== Classifiers Parameters ==============
[{'cost': np.float64(291.9723675897791), 'gamma': np.float64(55.324567852737154)}, {'cost': np.float64(471.9785941968202), 'gamma': np.float64(19.48003527594892)}]

Optimal clusterer: agglomerative_clustering

External clustering metrics:
adjusted_rand_score: -0.0009361965954349122
normalized_mutual_info_score: 4.470522568850682e-06
v_measure_score: 4.470522568850683e-06
fowlkes_mallows_score: 0.5363337370976651

Internal clustering metrics:
silhouette: 0.3620284623206338
davies_bouldin: 0.9372120059445364
calinski_harabasz_score: 712.4883664804446

Base classifier: svm
========== Cluster 0 ==========

Labels: [1 1 1 1 1 1 1 0 1 1 1 0 1 1 1 0 1 0 0 0 1 1 0 0 0 1 0 0 1 0 1 1 0 1 1 0 1
 0 0 1 0 0 1 1 0 1 0 0 1 0 0 1 0 1 0 0 0 1 1 0 0 1 0 1 0 1 0 0 1 1 0 1 1 1
 1 1 0 0 0 0 0 0 0 0 1 1 1 0 1 1 0 0 0 0 0 0 1 0 1 0 1 0 1 1 0 1 0 0 1 0 1
 1 1 1 1 1 0 0 0 0 0 1 0 0 0 0 1 1 0 1 1 0 0 1 1 1 1 0 0 0 0 0 1 0 1 1 1 1
 1 1 0 0 1 0 1 1 1 0 1 1 0 1 0 1 1 0 1 1 0 0 1 0 0 0 0 1 0 0 0 0 0 0 1 1 0
 1 0 0 1 1 0 0 0 1 0 1 0 1 1 0 0 1 0 1 1 1 0 0 0 0 0 1 0 1 1 0 1 1 1 1 1 1
 0 0 0 0 1 0 0 1 1 1 1 1 0 0 0 0 0 1 1 0 1 0 0 1 0 0 0 0 0 0 0 0 1 1 0 0 0
 0 1 0 0 0 0 1 1 0 0 0 1 0 0 1 1 0 0 1 1 1 1 1 0 0 1 1 1 1 1 1 0 1 0 1 0 0
 0 0 0 0 0 0 0 1 0 1 1 1 1 1 1 1 0 0 1 0 0 1 1 0 0 0 1 0 1 0 0 1 0 0 1 0 0
 0 0 1 1 1 0 0 0 0 1 1 1 0 1 1 1 1 0 1 0 1 0 0 1 0 1 0 1 1 0 0 1 1 0 0 0 1
 0 1 0 0 0 0 0 0 1 1 0 0 0 1 1 0 0 0 0 1 1 1 0 1 0 1 0 0 0 0 0 0 0 1 1 1 0
 1 0 1 1 1 0 0 1 0 0 1 1 1 0 0 1 1 1 1 1 0 1 0 1 1 1 0 0 1 0 0 1 0 1 0 0 0
 0 1 0 1 1 1 1 1 0 1 1 1 0 0 0 1 1 1 0 0 0 1 0 1 1 1 0 1 0 1 1 1 1 0 0 0 1
 1 1 0 0 0 1 1 0 0 0 1 1 0 1 1 0 0 0 0 0 1 1 1 1 1 0 1 0 1 1 1 1 0 1 1 1 1
 1 1 1 0 1 0 1 0 1 0 1 1 0 1 1 0 1 0 0 1 0 1 1 0 0 0 1 1 0 0 1 1 1 1 1 1 1
 1 1 1 0 0 0 1 0 0 1 1 1 1 1 0 1 1 1 0 1 1 0 1 1 1 1 1 1 1 0 1 1 1 1 0 0 1
 1 0 1 0 1 0 0 0 1 0 0 0 0 1 0 1 1 1 0 1 0 0 0 0 0 1 0 0 1 0 0 0 0 0 0]

========== Cluster 1 ==========

Labels: [0 1 0 1 1 0 0 1 0 1 0 1 1 0 0 0 1 0 0 1 1 1 1 0 1 1 0 0 1 1 0 0 1 1 1 0 1
 1 1 1 1 1 1 1 1 0 1 1 0 1 1 0 0 1 0 1 0 1 0 0 1 1 0 1 0 0 0 1 0 1 1 0 0 1
 1 0 0 1 0 0 0 1 1 0 0 0 1 0 1 0 0 1 0 0 0 1 0 1 1 1 0 0 1 1 0 0 0 0 0 0 0
 1 0 1 0 0 0 1 1 1 1 1 0 1 0 1 0 1 1 0 0 1 0 0 0 1 1 1 0 1 0 1 1 0 0 0 0 0
 1 1 1 1 1 0 0 0 0 1 0 0 0 1 1 0 0 1 0 1 1 0 1 0 0 0 1 1 0 1 0 1 0 0 1 1 1
 0 0 1 0 0 1 1 1 0 1 0 0 1 1 0 1 1 1 1 1 1 0 1 0 1 0 1 0 1 0 0 0 1 1 0 1 1
 1 1 0 0 0 0 0 0 0 1 1 0 0 1 1 1 1 0 1 0 1 1 1 1 1 1 1 0 1 1 0 1 0 0 1 0 1
 0 0 0 0 0 1 1 0 1 0 0 0 0 0]

