============== Classifiers Parameters ==============
[{'cost': np.float64(503.7961406301886), 'gamma': np.float64(27.585298621695785)}, {'cost': np.float64(403.626077958364), 'gamma': np.float64(83.86281907623822)}, {'cost': np.float64(669.1863333610514), 'gamma': np.float64(533.332466711234)}]

Optimal clusterer: agglomerative_clustering

External clustering metrics:
adjusted_rand_score: -0.00037771923701505986
normalized_mutual_info_score: 0.0005284187811131877
v_measure_score: 0.0005284187811131877
fowlkes_mallows_score: 0.5046118092280215

Internal clustering metrics:
silhouette: 0.37040610987361017
davies_bouldin: 0.9597179185833571
calinski_harabasz_score: 824.1564330360605

Base classifier: svm
========== Cluster 0 ==========

Labels: [1 1 1 0 1 1 1 0 0 1 1 0 1 0 1 1 1 1 0 1 0 0 1 0 0 0 1 0 1 0 1 0 0 0 0 1 1
 0 1 0 1 1 0 1 0 0 1 0 1 0 0 1 0 0 1 1 0 0 1 1 1 0 0 1 1 0 0 0 0 1 1 0 0 0
 0 1 0 1 0 0 0 1 1 1 1 1 0 0 0 1 0 0 1 1 1 0 0 1 0 0 1 1 0 0 1 1 0 0 0 0 0
 0 0 0 1 0 1 0 0 0 0 0 1 1 1 0 1 1 0 1 1 0 1 0 1 0 1 1 0 0 0 1 0 0 0 0 1 1
 1 0 1 0 1 1 0 0 0 1 0 0 1 1 1 1 1 0 0 0 0 0 1 0 1 0 0 0 0 0 0 1 1 1 0 0 1
 0 0 1 1 0 0 1 0 1 1 0 0 0 1 1 0 1 0 1 0 0 0 1 1 1 0 1 1 0 0 1 0 0 1 1 1 1
 1 0 1 0 0 0 1 1 1 0 1 0 1 1 1 1 1 1 1 0 1 1 0 1 0 1 0 1 0 0 0 0 1 1 0 1 0
 0 1 1 1 0 0 0 0 0 0 0 0 0 0 0 1 0 0 1 1 1 1 1 0 0 1 0 1 1 1 0 0 1 0 1 1 1
 1 1 1 1 1 1 1 0 1 1 0 1 1 0 0 1 0 1 1 1 1 0 1 1 0 0 0 0 1 1 0 1 0 1 0 1 1
 0 1 1 0 1 1 0 0 1 1 0 1 0 1 1 0 0 0 1 0 1 0 0 1 0 1 1 1 0 1 1 0 0 0 0 1 0
 0 1 0 0 0 0 0 0 1 0 1 0 0 0]

========== Cluster 1 ==========

Labels: [1 1 1 1 1 0 0 0 0 1 1 1 1 0 0 0 0 0 0 1 0 1 1 0 0 1 1 1 0 1 0 1 1 1 1 1 1
 1 0 1 0 0 1 0 1 1 0 0 1 1 1 1 0 0 1 1 1 1 0 1 0 1 1 1 0 0 1 1 1 0 0 1 0 0
 0 0 1 1 0 0 1 0 1 1 0 1 1 1 0 0 0 1 0 0 1 1 1 1 0 1 0 0 1 0 0 0 0 0 0 0 0
 1 1 0 0 1 0 0 1 1 0 0 0 0 0 1 1 1 1 1 1 1 0 0 1 0 0 0 0 0 0 1 1 1 1 1 1 1
 0 0 0 0 0 1 1 0 0 0 0 1 1 0 0 1 0 1 1 0 1 1 1 0 0 0 1 0 1 1 1 0 0 1 0 0 0
 0 1 0 1 0 0 0 1 1 0 1 0 0 0 0 1 1 1 0 1 0 1 0 1 1 0 1 1 1 0 1 1 0 0 1 0 1
 0 0 1 0 1 1 1 1 1 0 0 0 0 1 1 0 0 1 1 1 0 1 1 0 1 1 1 1 1 1 1 1 0 1 1 1 1
 1 1 0 1 0 1 0 1 0 0 0 0 1 1 0 1 1 1 1 1 0 0 0 0 0 1 1 1 1 0 1 1 0 1 1 1 1
 0 0 0 1 0 1 0 0 0 0 1 0 1 1 0 0 0 0 1 0 1 0 1 0 1 0 0 1 1 0 1 0 1 0 1 1 0
 0 0 1 1 1 1 1 1 0 1 0 0 1 1 1 0 0 0 1 0 1 0 1 0 0 0 0 1]

========== Cluster 2 ==========

Labels: [1 1 1 0 1 0 0 0 0 0 0 1 0 1 1 0 1 0 0 0 0 0 0 1 0 0 1 1 0 0 0 0 1 1 0 1 1
 0 1 0 0 0 1 1 0 1 0 1 1 1 0 0 1 0 1 0 0 1 1 0 0 1 1 0 0 1 1 1 0 1 0 0 1 0
 1 0 0 0 0 1 0 0 1 1 0 0 0 1 1 0 0 1 1 1 1 0 1 1 0 0 1 1 0 0 0 0 0 1 1 1 1
 1 0 0 1 1 1 1 0 1 1 1 0 1 1 1 1 1 0 1 1 1 1 1 0 0 0 1 1 0 0 0 0 0 0 0 0 1
 1 1 1 0 0 1 0]

