============== Classifiers Parameters ==============
[{'cost': np.float64(571.2364348936303), 'gamma': np.float64(32.48115493884351)}, {'cost': np.float64(902.9434697585373), 'gamma': np.float64(39.53413068259595)}]

Optimal clusterer: agglomerative_clustering

External clustering metrics:
adjusted_rand_score: 0.00015237147157318496
normalized_mutual_info_score: 0.00091251068687896
v_measure_score: 0.00091251068687896
fowlkes_mallows_score: 0.4995991788768765

Internal clustering metrics:
silhouette: 0.38546996136851885
davies_bouldin: 0.933623583085334
calinski_harabasz_score: 894.1774054642639

Base classifier: svm
========== Cluster 0 ==========

Labels: [0 1 1 0 1 1 1 0 0 1 1 0 1 0 0 0 1 1 1 0 0 1 0 1 1 1 0 0 1 0 0 0 1 1 1 1 0
 1 0 1 0 1 0 1 1 1 0 0 0 0 1 1 1 1 1 0 1 1 0 1 0 1 1 0 1 0 1 0 0 1 0 0 0 1
 1 0 0 1 1 1 0 0 1 1 0 0 0 0 1 1 0 0 0 0 1 0 1 0 0 0 1 1 1 1 1 1 1 1 0 0 0
 1 0 1 1 1 0 0 1 0 0 1 1 0 0 1 1 0 0 0 0 0 0 0 0 0 1 0 1 0 0 0 0 0 1 1 1 1
 0 1 1 0 1 0 1 0 1 1 0 1 1 0 1 1 1 0 1 0 1 0 0 0 0 0 1 1 1 0 1 1 1 0 1 1 0
 0 0 0 0 0 1 1 1 1 1 1 0 0 0 0 0 0 1 0 1 1 0 0 0 0 1 0 0 0 1 1 1 0 0 1 0 0
 1 1 0 0 1 0 1 1 0 0 0 1 1 0 1 0 0 1 0 0 0 1 1 1 0 1 1 0 0 1 1 0 0 1 0 1 1
 1 1 1 0 1 0 1 0 1 1 1 0 1 0 1 1 1 1 1 1 1 1 1 1 1 0 1 1 0 1 0 1 0 1 0 0 0
 0 1 1 0 1 1 1 0 0 1 1 1 0 0 0 0 1 0 0 0 0 0 0 1 1 0 1 0 1 1 1 1 1 1 0 0 0
 1 0 1 1 1 0 0 1 0 1 1 1 1 1 0 1 1 1 1 1 0 1 1 1 0 1 1 0 0 1 0 1 1 1 1 0 1
 1 0 0 0 0 1 1 0 1 0 0 1 0 1 1 1 0 1 1 0 1 1 1 0 0 1 1 0 1 0 1 1 1 0 0 0 1
 0 1 0 0 1 0 1 1 1 0 1 1 1 0 1 0 0 0 1 0 0 0 1 0 0 0 0 0 0 1 0 1 0 0 0]

========== Cluster 1 ==========

Labels: [1 1 1 1 1 1 0 1 1 1 0 1 1 0 1 0 0 0 1 0 0 0 0 1 0 1 1 0 0 1 1 0 1 0 0 1 0
 0 1 0 0 0 1 0 1 0 1 0 0 0 1 1 1 1 1 1 1 0 1 1 1 0 1 1 0 1 0 0 0 1 0 0 0 1
 0 0 0 0 1 1 0 0 0 1 0 0 1 0 1 0 1 1 0 1 0 1 1 1 0 0 0 0 1 0 0 1 0 0 0 0 1
 1 1 0 0 1 1 0 1 0 0 1 0 0 0 0 0 0 1 1 0 0 0 0 0 0 1 1 0 0 0 0 1 1 0 0 1 1
 1 0 1 1 1 1 0 1 0 0 0 0 0 0 0 0 1 0 1 1 1 1 1 0 0 1 0 0 1 1 0 0 0 1 0 0 1
 1 0 0 0 1 1 1 0 0 0 0 1 1 0 1 1 1 0 1 1 0 0 1 0 1 1 1 0 0 0 1 0 1 0 0 0 0
 0 1 1 0 0 1 1 0 0 0 0 1 0 1 0 1 0 0 0 0 0 0 1 1 1 1 1 0 1 0 0 1 0 1 1 0 1
 0 1 1 0 0 1 0 0 1 0 0 0 0 1 0 1 0 1 0 0 0 1 1 1 0 0 0 1 0 1 1 1 1 0 1 1 1
 1 0 0 0 1 1 0 1 0 1 1 0 1 0 0 0 0 1 1 1 1 0 1 1 1 1 1 1 0 1 0 1 1 0 1 1 1
 1 0 1 0 0 1 1 1 0 0 0 1 1 0 0 1 1 1 1 1 1 1 1 1 0 0 0 0 1 1 1 1 0 1 0 1 1
 0 1 1 1 1 1 0 1 1 0 0 1 0 1 0 1 0 0 0 0 0 0 1 0 1 1 1 0 1 0 0 0 0 1 0 1 0
 0 0 0 0 1 1 0 1 0 0 1 1 0 0 0 0 1 0 0 0 1 0 1 1 1 1 1 1 0 1 0 1 0 1 1 0 0
 0 1 0 0 0 1 1 0 1 0 0 0 1 0]

