Accuracy: 0.7777777777777778
Recall: 0.75
Precision: 0.75
F1: 0.75

AUC: 0.8833333333333333

