Accuracy: 0.34
Recall: 0.2804878048780488
Precision: 0.7666666666666667
F1: 0.4107142857142857

AUC: 0.4652380952380952

