Accuracy: 0.32
Recall: 0.27380952380952384
Precision: 0.7666666666666667
F1: 0.40350877192982454

AUC: 0.45428571428571435

