Accuracy: 0.33
Recall: 0.29213483146067415
Precision: 0.8666666666666667
F1: 0.4369747899159664

AUC: 0.4195238095238095

