Accuracy: 0.4
Recall: 0.32142857142857145
Precision: 0.9
F1: 0.47368421052631576

AUC: 0.49690476190476185

