Accuracy: 0.3
Recall: 0.2916666666666667
Precision: 0.9333333333333333
F1: 0.4444444444444444

AUC: 0.4628571428571429

