Accuracy: 0.31
Recall: 0.27058823529411763
Precision: 0.7666666666666667
F1: 0.4

AUC: 0.4590476190476191

