Accuracy: 0.36
Recall: 0.3068181818181818
Precision: 0.9
F1: 0.4576271186440678

AUC: 0.5061904761904762

