Accuracy: 0.43
Recall: 0.3333333333333333
Precision: 0.9
F1: 0.4864864864864865

AUC: 0.5835714285714286

