Accuracy: 0.43
Recall: 0.3246753246753247
Precision: 0.8333333333333334
F1: 0.4672897196261682

AUC: 0.5304761904761905

