Accuracy: 0.71
Recall: 0.5142857142857142
Precision: 0.6
F1: 0.5538461538461539

AUC: 0.7288095238095238

