Accuracy: 0.74
Recall: 0.5769230769230769
Precision: 0.5
F1: 0.5357142857142857

AUC: 0.8300000000000001

