Accuracy: 0.71
Recall: 0.5238095238095238
Precision: 0.36666666666666664
F1: 0.43137254901960786

AUC: 0.7419047619047618

