Accuracy: 0.9259259259259259
Recall: 0.9166666666666666
Precision: 0.9166666666666666
F1: 0.9166666666666666

AUC: 0.9944444444444445

