Accuracy: 0.7777777777777778
Recall: 0.8
Precision: 0.6666666666666666
F1: 0.7272727272727273

AUC: 0.9055555555555556

