Accuracy: 0.73
Recall: 0.56
Precision: 0.4666666666666667
F1: 0.509090909090909

AUC: 0.7614285714285715

