Accuracy: 0.81
Recall: 0.7619047619047619
Precision: 0.5333333333333333
F1: 0.6274509803921569

AUC: 0.7985714285714286

