Accuracy: 0.6753246753246753
Recall: 0.5555555555555556
Precision: 0.37037037037037035
F1: 0.4444444444444444

AUC: 0.7407407407407408

