Accuracy: 0.6103896103896104
Recall: 0.4482758620689655
Precision: 0.48148148148148145
F1: 0.4642857142857143

AUC: 0.5807407407407407

