Accuracy: 0.9649122807017544
Recall: 0.9523809523809523
Precision: 0.9523809523809523
F1: 0.9523809523809523

AUC: 0.996031746031746

