Accuracy: 0.7333333333333333
Recall: 0.7333333333333333
Precision: 0.7333333333333333
F1: 0.7333333333333333

AUC: 0.8933333333333334

