Accuracy: 0.8333333333333334
Recall: 0.8333333333333334
Precision: 0.8814814814814815
F1: 0.8328249818445896

AUC: 1.0

