Accuracy: 0.5102040816326531
Recall: 0.5102040816326531
Precision: 0.5615943347035783
F1: 0.5129251700680272

AUC: 0.7034073486740079

