Accuracy: 0.4421768707482993
Recall: 0.4421768707482993
Precision: 0.45991672282188484
F1: 0.43082895181429826

AUC: 0.6467948667150716

