Accuracy: 0.43243243243243246
Recall: 0.43243243243243246
Precision: 0.47190678073031017
F1: 0.42937138879161013

AUC: 0.66074981267602

