Accuracy: 0.4013605442176871
Recall: 0.4013605442176871
Precision: 0.4610334754392378
F1: 0.4047188671386922

AUC: 0.6219816508474736

