Accuracy: 0.5034013605442177
Recall: 0.5034013605442177
Precision: 0.5171032337899084
F1: 0.501439453653775

AUC: 0.683430527092992

