Accuracy: 0.5135135135135135
Recall: 0.5135135135135135
Precision: 0.5123779241426301
F1: 0.5093164935270199

AUC: 0.7181589088278949

