Accuracy: 0.40816326530612246
Recall: 0.40816326530612246
Precision: 0.4323963351574396
F1: 0.40383205528210897

AUC: 0.6383832595593617

