Accuracy: 0.5034013605442177
Recall: 0.5034013605442177
Precision: 0.5354863446099941
F1: 0.5027697981555693

AUC: 0.6726941784599717

