Accuracy: 0.40540540540540543
Recall: 0.40540540540540543
Precision: 0.4463483334451076
F1: 0.4081058485160244

AUC: 0.6495904737166569

