Accuracy: 0.5306122448979592
Recall: 0.5306122448979592
Precision: 0.5389809603495078
F1: 0.5189376912276521

AUC: 0.7181787232880038

