Accuracy: 0.41
Recall: 0.31645569620253167
Precision: 0.8333333333333334
F1: 0.45871559633027525

AUC: 0.5390476190476191

