Accuracy: 0.36
Recall: 0.2875
Precision: 0.7666666666666667
F1: 0.41818181818181815

AUC: 0.4828571428571429

