Accuracy: 0.35
Recall: 0.2839506172839506
Precision: 0.7666666666666667
F1: 0.4144144144144144

AUC: 0.4990476190476191

