Accuracy: 0.42857142857142855
Recall: 0.42857142857142855
Precision: 0.4744997566126018
F1: 0.4430613853106254

AUC: 0.5849527355244775

