Accuracy: 0.4965986394557823
Recall: 0.4965986394557823
Precision: 0.5372180618279058
F1: 0.509721972017054

AUC: 0.6314093110219455

