Accuracy: 0.5472972972972973
Recall: 0.5472972972972973
Precision: 0.5638481953709658
F1: 0.5526026805657704

AUC: 0.6551698641776871

