Accuracy: 0.4527027027027027
Recall: 0.4527027027027027
Precision: 0.45853206147323794
F1: 0.45380148156308453

AUC: 0.6094242875904808

