Accuracy: 0.48299319727891155
Recall: 0.48299319727891155
Precision: 0.47622916410431415
F1: 0.4777643426468962

AUC: 0.6073364342635867

