Accuracy: 0.74
Recall: 0.6111111111111112
Precision: 0.36666666666666664
F1: 0.4583333333333333

AUC: 0.699047619047619

