Accuracy: 0.78
Recall: 0.7857142857142857
Precision: 0.36666666666666664
F1: 0.5

AUC: 0.7928571428571429

