Accuracy: 0.74
Recall: 0.6428571428571429
Precision: 0.3
F1: 0.4090909090909091

AUC: 0.7580952380952382

