Accuracy: 0.7
Recall: 0.5
Precision: 0.36666666666666664
F1: 0.4230769230769231

AUC: 0.71

