Accuracy: 0.68
Recall: 0.45454545454545453
Precision: 0.3333333333333333
F1: 0.38461538461538464

AUC: 0.7123809523809523

