Accuracy: 0.5555555555555556
Recall: 0.5
Precision: 0.5833333333333334
F1: 0.5384615384615384

AUC: 0.725

