Accuracy: 0.7777777777777778
Recall: 0.875
Precision: 0.5833333333333334
F1: 0.7

AUC: 0.8944444444444444

