Accuracy: 0.7777777777777778
Recall: 0.6875
Precision: 0.9166666666666666
F1: 0.7857142857142857

AUC: 0.8833333333333334

