Accuracy: 0.8026315789473685
Recall: 0.7619047619047619
Precision: 0.6153846153846154
F1: 0.6808510638297872

AUC: 0.8192307692307692

