============== Classifiers Parameters ==============
[{'n_estimators': 320, 'max_depth': 6, 'min_samples_split': 8, 'min_samples_leaf': 3}, {'n_estimators': 310, 'max_depth': 5, 'min_samples_split': 3, 'min_samples_leaf': 9}, {'n_estimators': 440, 'max_depth': 25, 'min_samples_split': 18, 'min_samples_leaf': 2}]

Optimal clusterer: agglomerative_clustering

External clustering metrics:
adjusted_rand_score: -0.029662262689468633
normalized_mutual_info_score: 0.02295778482617889
v_measure_score: 0.022957784826178888
fowlkes_mallows_score: 0.573198517949021

Internal clustering metrics:
silhouette: 0.052971701603650306
davies_bouldin: 3.846203421510389
calinski_harabasz_score: 48.15294953313485

Base classifier: rf
========== Cluster 0 ==========

Labels: [1 0 0 0 0 0 1 0 1 1 1 0 1 1 0 0 0 0 1 0 0 0 0 0 0 1 1 1 0 0 1 0 0 0 0 0 0
 1 0 0 1 1 0 1 0 0 0 0 1 1 1 0 0 1 0 1 1 1 0 0 0 1 0 1 0 0 1 0 1 1 0 0 0 0
 0 0 0 0 1 1 0 0 0 0 1 1 0 1 0 0 0 0 0 0 0 1 0 0 0 1 1 0 0 0 0 1 1 1 0 1 0
 0 1 1 0 0 1 0 0 0 1 1 1 0 0 0 1 1 0 0 1 0 0 1 0 0 0 1 0 1 1 0 0 1 0 1 0 0
 0 0 0 0 0 0 0 1 0 0 1 0 0 1 1 1 0 0 0 0 1 0 0 0 1 1 0 0 1 0 0 0 0 0 0 1 0
 1 0 0 0 0 1 0 0 0 0 0 0 0 1 1 1 1 0 0 0 1 1 0 0 0 0 0 1 1 0 0 0 0 0 0 1 1
 1 0 1 0 0 0 1 1 1 1 0 0 1 0 0 1 1 0 0 0 0 1 1 1 0 0 0 0 0 1 1 1 0 0 1 0 0
 1 0 1 1 1 0 0 1 0 0 0 1 0 0 0 0 1 0 1 0 1 0 1 1 0 0 1 0 0 0 0 1 0 1 0 0 0
 0 0 0 0 0 0 0 0 0 0 0 0 0 1 1 0 1 0 1 0 0 0 0 1 0 0 1 0 0 0 0 0 0 0 0 1 0
 0 0 1 0 1 0 1 1 0 1 1 0 1 0 1 1 0 0 0 0 0 1 1 0 0 0 0 0 0 1 0 1 1 0 0 1 0
 0 1 0 0 0 1 0 1 0 0 0 1 0 0 0 0 1 0 0 0 1 1 1 1 1 0 0 0 0 0 0 1 0 1 1 0 0
 0 0 0 0 1 0 0 1 1 0 0 0 0 0 0 0 0 0 1 0 1 0 1 0 0 0 1 1 1 0 0 0 0 1 0 0 0
 0 0 1 0 0 1 0 0 0 0 1 0 0 1 0 0 0 1 0 1 0 1 0 0 1 0 0 0 0 0 1 0 0 1 1 0 1
 0 0 0 0 1 0 1 0 0 1 1 1 0 1 1 1 0 1 1 0 0 1 0 1 0 0 1 0]

========== Cluster 1 ==========

Labels: [0 0 0 0 0 0 0 0 0 0 0 0 1 0 0 0 1 0 0 1 0 0 0 1 0 0 0 0 1 0 0 0 0 0 0 1 0
 0 0 1 0 0 1 0 0 1 0 0 1 0 0 0 0 0 0 0 1 1 0 0 0 0 0 0 1 0 0 0 0 0 1 0 0 0
 1 0 0 0 0 1 0 0 0 0 0 0 0 0 0 0 0 1 0 0 0 0 0 0 0 0 0 0 0 0 1 0 1 0 1 1 0
 1 1 0 0 0 0 0 0 0 0 0 0 0 0 0 0 0 0 0 0 0 0 1 0 0 1 1 0 0 1 0 1 0 0 1 1 0
 0 0 0 0 0 0 0 1 0 0 1 0 0 0 0 0 1 0 0 0 0 0 0 0 0 0 0 0 0 0 0 0 0 0 1 0 0
 0 0 0 0 1 0 1 0 0 0 0 0 0 1 1 0 0 1 0 0 1 0 0 0 0 0 0 0 0 0 0 0 0 0 0 0 0
 0 0 0 0 0 0 1 1 0 0 0 0 1 0 0 0 0 0 1 1 0 0 1 0 0 0 0 0 0 0 0 0 0 1 0]

========== Cluster 2 ==========

Labels: [0 0 0 1 0 0 0 1 0 1 0 0 0 0 0 0 1 0 0 1 0 0 1 1 0 0 0 1 0 0 0 1 0 1 0 0 0
 0 1 0 0 0 1 0 0 0 0 0 1 1 1 0 0 1 0 0 0 0 1 1 0 0 0 0 0 1 0 0 1 1 1 1 0 1
 1 1 0 1 1 0 1 0 0 0 0 0 0 0 1 1 0 0 0 0 1 0 0 1 0 0 0 1 0 1 0 0 1 0 1 0 0
 0 0 1 1 0 0 0 1 1 0 1 1 0 1 0 0 0 0 0 1 0 1 0]

