============== Classifiers Parameters ==============
[{'n_estimators': 17, 'max_depth': 23, 'min_samples_split': 9, 'min_samples_leaf': 5}, {'n_estimators': 212, 'max_depth': 29, 'min_samples_split': 4, 'min_samples_leaf': 2}, {'n_estimators': 341, 'max_depth': 17, 'min_samples_split': 2, 'min_samples_leaf': 2}]

Optimal clusterer: agglomerative_clustering

External clustering metrics:
adjusted_rand_score: 0.02493958297231495
normalized_mutual_info_score: 0.0033874412287103906
v_measure_score: 0.0033874412287103906
fowlkes_mallows_score: 0.6704516519812086

Internal clustering metrics:
silhouette: 0.06877964611457045
davies_bouldin: 3.201088820881026
calinski_harabasz_score: 40.86550182627068

Base classifier: rf
========== Cluster 0 ==========

Labels: [0 0 0 1 1 1 0 0 1 0 0 1 0 0 0 0 0 0 0 1 0 0 0 0 0 1 0 0 0 0 1 0 0 0 0 1 0
 0 0 1 1 0 1 1 0 1 0 0 0 1 0 1 0 0 0 0 0 1 0 0 0 0 1 0 0 0 0 1 0 0 0 1 0 0
 0 1 0 0 0 0 0 1 0 0 1 0 1 0 0 0 0 0 0 0 0 0 0 0 0 0 0 0 0 0 1 1 0 1 1 0 0
 0 0 1 1 1 1 0 0 0 0 0 0 0 0 1 1 0 0 1 0 0 0 0 0 0 1 0 0 0 1 0 1 1 0 0 1 0
 1 0 0 0 1 1 0 1 1 0 0 0 0 1 0 0 0 0 1 0 1 0 0 0 1 0 1 1 0 1 0 0 1 1 0 0 0
 0 1 0 0 1 0 0 1 0 0 1 0 0 1 0 0 0 0 0 0 1 0 0 0 0 0 0 0 0 0 0 0 0 0 0 0 1
 0 1 0 1 1 0 0 1 0 0 0 0 0 0 1 0 1 0 0 0 0 0 0 0 0 0 0 1 0 0 0 1 1 1 0 0 0
 1 1 1 1 0 0 0 0 1 1 1 0 0 0 1 1 0 0 0 0 0 0 1 0 0 0 1 0 0 0 0 0 0 1 1 0 0
 0 0 0 0 1 0 1 0 1 0 0 0 1 1 0 0 0 0 0 1 0 0 0 0 1 1 1 0 0 1 1 0 1 0 1 0 0
 0 0 1 0 1 1 1 0 1 1 0 0 0 0 1 0 0 0 1 1 1 0 0 0 0 0 0 0 0 0 0 0 0 0 0 1 1
 0 1 0 1 0 0 0 1 0 0 0 0 0 0 1 0 0 0 1 0 0 0 0 0 0 0 0 0 0 0 1 0 0 0 0 0 0
 1 0 0 0 0 0 1 1 0 0 0 0 1 0 1 0 0 0 0 0 0 0 0 0 1 1 1 0 1 0 0 0 0 1 1 0 1
 0 0 1 0 0 0 0 0 0 0 0 0 0 1 0 1 0 0 0 1 1 0 0 0 0 0 0 0 0 0 0 0 1 0 0 1 0
 0 0 0 1 0 1 0 0 0 0 0 0 0 0 0 0 0 0 0 0 1 0 1 1 0 0 0 0 0 1 0 0 0 1 0 1]

========== Cluster 1 ==========

Labels: [0 0 0 0 0 0 1 1 0 0 0 0 0 1 0 1 0 1 1 0 0 1 1 0 0 0 1 0 0 0 1 0 1 0 0 0 1
 0 0 1 1 1 0 1 0 1 0 1 0 0 0 0 1 0 0 0 0 0 0 0 0 1 1 0 1 0 0 0 0 1 1 0 0 0
 0 1 0 0 1 1 1 1 0 1 1 1 0 1 1 0 0 1 0 0 0 0 0 1 1 0 0 0 0 1 0 1 0 0 1 0 0
 0 0 1 1 0 1 1 0 1 0 0 0 0 1 0 1 0]

========== Cluster 2 ==========

Labels: [1 0 0 0 0 1 0 1 0 0 0 0 1 1 1 0 1 0 0 0 0 0 0 1 0 0 1 0 1 0 0 0 0 1 0 0 1
 0 1 0 1 1 0 0 0 0 0 1 1 0 1 0 0 0 1 0 1 1 1 1 1 0 0 0 1 1 0 0 0 0 0 0 0 0
 0 0 0 0 0 0 0 0 0 0 0 0 1 1 0 0 0 0 1 0 0 0 0 0 0 1 0 0 1 0 0 0 1 0 1 0 0
 0 0 1 0 0 1 1 1 0 0 0 0 0 0 0 0 1 1 0 0 0 0 0 0 1 1 0 1 0 0 0 0 0 1 0 1 0
 1 1 0 1 0 0 0 1 1 0 0 1 0 0 0 1 1 0 0 0 0 0 1 0 0 0 1 0 0 0 0 0 0 0 0 0 0
 1 0 0 0 1 0 0 0 0 1 0 1 1 0 1 1 0 0 0 0 0 0 1 0 0 1 0 1 0 0 0 1 0 0 1 1 1
 0 0 0 0 0 0 0 0 0 0 0 0 0 1 0 1 1 1 1 0 1 0 1 1 1 1 1 1 0 0 1 0 0]

