Accuracy: 0.7142857142857143
Recall: 0.5862068965517241
Precision: 0.6296296296296297
F1: 0.6071428571428571

AUC: 0.7562962962962962

