Means class 1:
[0.59869238 0.97974522 0.10234653 0.18727543 0.3648179  0.37001977
 0.24738107 0.96347654 0.18590905 0.58425997]

Covariance class 1:
[[2.90850532 2.70766158 2.3770621  2.24381403 1.88057694 1.89225261
  1.99219724 2.88499499 2.58791041 2.17398025]
 [2.70766158 4.24504264 3.13339985 3.09209279 2.44864702 2.84541219
  2.97799377 3.32651008 3.18554258 2.53602084]
 [2.3770621  3.13339985 3.61757077 3.17153826 1.98169951 3.04246154
  2.32352834 2.8954811  2.61301271 2.72962161]
 [2.24381403 3.09209279 3.17153826 3.77874358 2.19158683 2.99486386
  2.52042125 2.60629628 2.44588572 2.64743031]
 [1.88057694 2.44864702 1.98169951 2.19158683 2.00400816 1.7015665
  1.45402961 2.03553925 2.04399499 1.538636  ]
 [1.89225261 2.84541219 3.04246154 2.99486386 1.7015665  2.94512678
  2.3483267  2.40336858 2.1543499  2.53597919]
 [1.99219724 2.97799377 2.32352834 2.52042125 1.45402961 2.3483267
  3.51055449 3.02252342 2.90990605 2.81098222]
 [2.88499499 3.32651008 2.8954811  2.60629628 2.03553925 2.40336858
  3.02252342 3.98745067 3.33964121 2.88403068]
 [2.58791041 3.18554258 2.61301271 2.44588572 2.04399499 2.1543499
  2.90990605 3.33964121 3.54222946 2.64544657]
 [2.17398025 2.53602084 2.72962161 2.64743031 1.538636   2.53597919
  2.81098222 2.88403068 2.64544657 2.98813725]]

Means class 2:
[0.13736134 0.33644131 0.64092068 0.28731489 0.09559514 0.28980868
 0.68673189 0.40680211 0.32474488 0.46607593]

Covariance class 2:
[[3.10593561 2.62422521 2.69680146 2.19254574 1.45604934 1.71529688
  1.95889119 2.06285282 1.71871586 2.170416  ]
 [2.62422521 3.27205618 3.19997801 3.26070514 2.00487239 2.24082006
  2.37400786 2.94528917 2.27225211 2.82183531]
 [2.69680146 3.19997801 4.4660077  3.15371278 2.48214815 3.07273938
  2.36642582 2.95929411 2.1872219  4.16556094]
 [2.19254574 3.26070514 3.15371278 4.07466455 1.91610982 2.10056779
  2.09333128 3.62886744 2.79328841 3.16669511]
 [1.45604934 2.00487239 2.48214815 1.91610982 1.95964645 2.01399133
  1.29579816 1.94097395 1.43364343 2.54797005]
 [1.71529688 2.24082006 3.07273938 2.10056779 2.01399133 2.51174679
  1.47318762 2.28221988 1.72966544 3.05632048]
 [1.95889119 2.37400786 2.36642582 2.09333128 1.29579816 1.47318762
  2.76308622 1.62944199 1.4861985  1.76141577]
 [2.06285282 2.94528917 2.95929411 3.62886744 1.94097395 2.28221988
  1.62944199 3.84731667 2.7142811  3.17346996]
 [1.71871586 2.27225211 2.1872219  2.79328841 1.43364343 1.72966544
  1.4861985  2.7142811  2.657741   2.45834182]
 [2.170416   2.82183531 4.16556094 3.16669511 2.54797005 3.05632048
  1.76141577 3.17346996 2.45834182 4.41862302]]
