Means class 0:
[0.25801076 0.52448188 0.1088681  0.1304472  0.94163978 0.67038003
 0.98027644 0.06670543 0.60492773 0.596929  ]

Covariance class 0:
[[2.55881697 1.83649362 2.41464272 3.2118722  2.84231674 1.72783977
  2.25966717 2.72888264 2.77526504 1.70025934]
 [1.83649362 2.07453829 2.54090821 2.37390734 1.844668   1.37163887
  1.92698321 1.98183984 2.38577244 1.43715606]
 [2.41464272 2.54090821 4.54426913 3.57643139 2.89148035 2.48181666
  2.77192448 3.60512601 3.52129541 2.72367803]
 [3.2118722  2.37390734 3.57643139 4.44651802 3.68470753 2.15780819
  3.10685895 3.69447924 3.45143681 2.3169227 ]
 [2.84231674 1.844668   2.89148035 3.68470753 3.46386593 2.08495192
  2.53602857 3.53064449 3.47007654 2.2157067 ]
 [1.72783977 1.37163887 2.48181666 2.15780819 2.08495192 1.88691373
  1.51759086 2.3176881  2.34730887 1.68747836]
 [2.25966717 1.92698321 2.77192448 3.10685895 2.53602857 1.51759086
  2.81992392 2.91521806 2.4108177  1.78121721]
 [2.72888264 1.98183984 3.60512601 3.69447924 3.53064449 2.3176881
  2.91521806 4.24024418 3.80527138 2.74250071]
 [2.77526504 2.38577244 3.52129541 3.45143681 3.47007654 2.34730887
  2.4108177  3.80527138 4.86967541 2.75125373]
 [1.70025934 1.43715606 2.72367803 2.3169227  2.2157067  1.68747836
  1.78121721 2.74250071 2.75125373 2.0930947 ]]

Means class 1:
[0.18313289 0.91170185 0.25300328 0.27343245 0.63088682 0.44172107
 0.0102939  0.45582454 0.47807407 0.53424205]

Covariance class 1:
[[4.6069238  4.355069   2.9587698  2.82671644 2.95066764 2.40479874
  3.19693662 2.84163428 3.4068171  3.5343812 ]
 [4.355069   5.46812124 3.37830467 3.13271289 3.66952441 3.11873988
  4.07110749 3.72984804 3.68372217 4.04508522]
 [2.9587698  3.37830467 3.08109884 2.18524982 2.48654786 2.24606275
  2.56020216 2.46968093 3.19916755 2.97564515]
 [2.82671644 3.13271289 2.18524982 2.35242431 2.05383591 1.79794519
  2.26602836 2.23873762 2.32451318 2.21355712]
 [2.95066764 3.66952441 2.48654786 2.05383591 4.0981431  2.26529863
  3.70049531 3.3698164  2.99491559 3.21871249]
 [2.40479874 3.11873988 2.24606275 1.79794519 2.26529863 2.60963488
  2.56189584 2.55804551 2.70611337 2.85453209]
 [3.19693662 4.07110749 2.56020216 2.26602836 3.70049531 2.56189584
  4.20942789 3.32196305 2.91746658 3.54180222]
 [2.84163428 3.72984804 2.46968093 2.23873762 3.3698164  2.55804551
  3.32196305 3.74043998 3.12549215 3.11558743]
 [3.4068171  3.68372217 3.19916755 2.32451318 2.99491559 2.70611337
  2.91746658 3.12549215 3.94361661 3.33627053]
 [3.5343812  4.04508522 2.97564515 2.21355712 3.21871249 2.85453209
  3.54180222 3.11558743 3.33627053 3.84916756]]

Means class 2:
[0.57721425 0.11696459 0.91727338 0.11439652 0.99826696 0.06626804
 0.35128535 0.06599402 0.54487814 0.95484913]

Covariance class 2:
[[5.21396096 2.3643075  2.4279141  3.97095206 3.36733961 3.63894654
  3.25578106 3.38596308 3.08583169 3.50985581]
 [2.3643075  2.66088999 1.85073713 2.16121666 1.7306151  2.23456965
  1.81435028 2.59279095 2.55061678 2.0014807 ]
 [2.4279141  1.85073713 2.13212371 1.69373525 1.62922353 1.84881449
  1.8155067  1.97076962 2.01719729 2.12188298]
 [3.97095206 2.16121666 1.69373525 3.91817262 2.1927903  2.63890789
  3.03286648 3.33848782 2.32177336 2.65370024]
 [3.36733961 1.7306151  1.62922353 2.1927903  2.67394475 2.60296228
  1.91359377 2.07214471 2.43896646 2.45010033]
 [3.63894654 2.23456965 1.84881449 2.63890789 2.60296228 3.84111517
  2.04457542 2.75483436 3.44976679 2.61670251]
 [3.25578106 1.81435028 1.8155067  3.03286648 1.91359377 2.04457542
  3.01718254 2.58292606 2.18591005 2.81772266]
 [3.38596308 2.59279095 1.97076962 3.33848782 2.07214471 2.75483436
  2.58292606 3.90852288 2.85881084 2.50824073]
 [3.08583169 2.55061678 2.01719729 2.32177336 2.43896646 3.44976679
  2.18591005 2.85881084 3.90916077 3.02660497]
 [3.50985581 2.0014807  2.12188298 2.65370024 2.45010033 2.61670251
  2.81772266 2.50824073 3.02660497 3.34380431]]

