Accuracy: 0.7407407407407407
Recall: 0.6666666666666666
Precision: 0.8333333333333334
F1: 0.7407407407407407

AUC: 0.8833333333333333

