Accuracy: 0.8888888888888888
Recall: 0.9090909090909091
Precision: 0.8333333333333334
F1: 0.8695652173913043

AUC: 0.9083333333333334

