============== Classifiers Parameters ==============
[{'cost': 678.1777148567004, 'gamma': 474.5197218836379}, {'cost': 680.0284948047242, 'gamma': 665.4438869946592}, {'cost': 525.4649789065801, 'gamma': 795.7342314121663}]

Optimal clusterer: kmeans

External clustering metrics:
adjusted_rand_score: 0.09572258681946232
normalized_mutual_info_score: 0.047786993475899577
v_measure_score: 0.04778699347589957
fowlkes_mallows_score: 0.5932012585195054

Internal clustering metrics:
silhouette: 0.26623864406768566
davies_bouldin: 1.5986731792723103
calinski_harabasz_score: 220.87880368633313

Base classifier: svm
========== Cluster 0 ==========

Labels: [0 1 1 1 1 1 1 1 1 1 0 0 0 0 1 0 0 0 1 0 1 1 0 0 1 0 0 0 0 1 1 0 1 0 0 1 0
 0 1 0 0 0 0 0 0 1 1 0 0 1 1 0 0 0 0 0 1 1 0 0 1 1 0 0 1 0 1 0 0 1 0 0 1 1
 0 1 1 1 1 0 0 0 0 0 1 1 1 1 0 1 0 1 0 0 1 1 0 1 0 1 0 0 1 0 1 0 1 1 1 1 1
 1 0 1 0 0 1 0 0 1 1 0 0 0 0 0 0 1 0 0 0 0 1 0 0 1 0 1 0 1 1 1 0 0 0 0 0 0
 0 0 0 0 1 0 0 1 0 1 1 0 1 1 0 0 0 1 1 0 1 0 1 1 0 1 0 1 0 1 1 1 0 0 1 1 1
 1 0 0 0]

========== Cluster 1 ==========

Labels: [0 0 0 0 0 0 0 1 0 0 0 0 0 1 1 0 0 0 0 1 0 0 0 0 0 0 0 1 0 0 0 0 0 0 0 0 0
 1 0 0 1 0 0 0 0 0 0 0 0 0 0 1 0 0 1 0 0 0 0 0 1 0 0 0 0 0 1 0 0 1 0 1 1 0
 0 1 0 0 0 1 0 0 0 0 0 0 0 0 0 0 0 0 0 0 0 1 0 0 0 0 0 1 0 0 0 0 0 0 0 0 1
 0 0 0 0 0 0 0 0 0 0 0 0 0 0 1 0 0 0 0 1 1 0 0 0 0 0 0 0 0 0 0 0 0 0 0 0 0
 0 0 0 0 1 1 1 1 0 0 0 0 1 0 0 0 0 0 0 0 0 0 0 0 0 0 0 0 0 0 0 0 0 0 1 0 0
 0 0 0 1 0 0 0 0 0 0 0 0 0 1 0 1 0 0 0 1 0 0 0 1 0 1 0 0 0 0 0 0 1 0 0 0 0
 0 0 0 1 1 0 0 0 0 0 0 0 0 1 0 0 0 0 0 1 1 1 0 0 1 0 0 0 0 0 0 0 0 0 1 0 0
 0 0 0 0 0 0 1 0 0 0 0 0 1 1 0 0 0 0 0 0 0 1 0 0 0 0 0 0 0 0 0 1 0]

========== Cluster 2 ==========

Labels: [0 0 0 0 0 1 0 0 0 0 0 1 1 0 1 0 0 0 1 1 0 1 1 0 1 1 0 1 1 0 0 0 1 1 0 0 1
 1 1 1 0 1 1 1 1 1 1 1 0 1 0 0 1 0 1 1 1 0 0 1 0 0 1 1 0 1 0 1 1 1 1 0 0 0
 0 0 1 0 0 1 0 0 0 0 0 1 1 0 0 1 1 0 1 1 0 0 0 1 1 1 1 1 1 0 0 1 0 0 0 0 1
 0 1 1 1 1 1 1 1 1 0 0 0 1 0 0 0 1 1 1 1 0 1 0 1 1 1 0 0 0 1 1 1 1 0 0 1 0
 0 0 0 0 1 1 0 1 0 1 1 1 0 0 0 0 0 0 1 0 0 1 0 1 1 1 0 0 0 1 1 1 1 1 0 1 1
 1 1 1 1 0 0 0 0 0 1 0 1 1 0 1 1 0 0 0 1 1 0 1 1 1]

