Accuracy: 0.8947368421052632
Recall: 0.8571428571428571
Precision: 0.8571428571428571
F1: 0.8571428571428571

AUC: 0.8869047619047619

