Accuracy: 0.8421052631578947
Recall: 0.8095238095238095
Precision: 0.7727272727272727
F1: 0.7906976744186046

AUC: 0.8292207792207792

