Accuracy: 0.9298245614035088
Recall: 0.8695652173913043
Precision: 0.9523809523809523
F1: 0.9090909090909091

AUC: 0.9345238095238094

