Accuracy: 0.9642857142857143
Recall: 0.9523809523809523
Precision: 0.9523809523809523
F1: 0.9523809523809523

AUC: 0.998639455782313

