Accuracy: 0.77
Recall: 0.64
Precision: 0.5333333333333333
F1: 0.5818181818181818

AUC: 0.8076190476190476

