Accuracy: 0.78
Recall: 0.6333333333333333
Precision: 0.6333333333333333
F1: 0.6333333333333333

AUC: 0.8661904761904762

