Accuracy: 0.72
Recall: 0.5454545454545454
Precision: 0.4
F1: 0.46153846153846156

AUC: 0.6090476190476191

