Accuracy: 0.73
Recall: 0.5555555555555556
Precision: 0.5
F1: 0.5263157894736842

AUC: 0.7557142857142857

