Accuracy: 0.6666666666666666
Recall: 0.6666666666666666
Precision: 0.7066666666666667
F1: 0.6821548821548821

AUC: 0.8733333333333334

