Accuracy: 0.9298245614035088
Recall: 0.95
Precision: 0.8636363636363636
F1: 0.9047619047619048

AUC: 0.974025974025974

