Accuracy: 0.54421768707483
Recall: 0.54421768707483
Precision: 0.5679859245285416
F1: 0.5527273963259092

AUC: 0.6729129074099958

