Accuracy: 0.46258503401360546
Recall: 0.46258503401360546
Precision: 0.4760761447436117
F1: 0.46677751783146776

AUC: 0.67198231521033

