Accuracy: 0.5034013605442177
Recall: 0.5034013605442177
Precision: 0.5966074741584945
F1: 0.526080521433007

AUC: 0.6721519992012399

