Accuracy: 0.5135135135135135
Recall: 0.5135135135135135
Precision: 0.5496314899777898
F1: 0.52241430619809

AUC: 0.7140857055835861

