Accuracy: 0.5
Recall: 0.5
Precision: 0.5222827869886694
F1: 0.5073473265925785

AUC: 0.6607328619034278

