Accuracy: 0.5238095238095238
Recall: 0.5238095238095238
Precision: 0.5343470721621983
F1: 0.5248863398388153

AUC: 0.7043613442630287

