Accuracy: 0.4897959183673469
Recall: 0.4897959183673469
Precision: 0.5014144185812853
F1: 0.49435851822569216

AUC: 0.6590850344213531

