Accuracy: 0.4897959183673469
Recall: 0.4897959183673469
Precision: 0.6003128524136927
F1: 0.5248579007199696

AUC: 0.6826027737428483

