Accuracy: 0.4217687074829932
Recall: 0.4217687074829932
Precision: 0.41891099874293153
F1: 0.4184983887081958

AUC: 0.5568520060425376

