Accuracy: 0.4965986394557823
Recall: 0.4965986394557823
Precision: 0.5078799196446255
F1: 0.5010053668781674

AUC: 0.6099971022433429

