Accuracy: 0.49324324324324326
Recall: 0.49324324324324326
Precision: 0.49324324324324326
F1: 0.49324324324324326

AUC: 0.6114349574157752

