Accuracy: 0.4897959183673469
Recall: 0.4897959183673469
Precision: 0.4956395256515304
F1: 0.4919480344274327

AUC: 0.6064700013888241

