Accuracy: 0.47619047619047616
Recall: 0.47619047619047616
Precision: 0.47475555878917225
F1: 0.4752656823097903

AUC: 0.5942491042580421

