============== Classifiers Parameters ==============
[{'n_estimators': 114, 'max_depth': 3, 'min_samples_split': 8, 'min_samples_leaf': 7, 'learning_rate': np.float64(0.18679209042243505)}, {'n_estimators': 2, 'max_depth': 8, 'min_samples_split': 5, 'min_samples_leaf': 9, 'learning_rate': np.float64(0.4139627230788786)}, {'n_estimators': 439, 'max_depth': 2, 'min_samples_split': 9, 'min_samples_leaf': 8, 'learning_rate': np.float64(0.8907932597705045)}]

Optimal clusterer: birch

External clustering metrics:
adjusted_rand_score: 0.0017654542676206416
normalized_mutual_info_score: 0.004441448856202773
v_measure_score: 0.004441448856202774
fowlkes_mallows_score: 0.6237274486534047

Internal clustering metrics:
silhouette: 0.1558460665340595
davies_bouldin: 1.4135572894398962
calinski_harabasz_score: 164.43031792682993

Base classifier: gb
========== Cluster 0 ==========

Labels: [0 0 0 0 1 0 1 0 1 1 0 0 0 0 0 0 0 1 0 1 0 1 0 0 1 1 0 1 1 1 1 0 1 1 0 1 1
 0 0 0 0 0 1 1 0 1 1 0 1 1 0 1 1 0 0 1 1 0 1 0 0 0 1 0 1 0 1 0 1 1 1 0 1 1
 1 0 1 1 0 0 1 0 1 1 0 1 0 0 0 0 1 1 1 1 1 1 1 1 1 1 1 1 1 0 0 1 0 1 1 1 1
 1 1 1 1 1 1 1 1 1 1 0 1 1 1 0 1 0 1 0 0 0 0 1 1 0 1 0 0 1 0 1 1 0 1 1 1 0
 0 0 0 1 1 0 0 0 1 1 1 1 0 1 1 0 1 0 1 0 1 0 1 0 1 1 0 0 1 0 1 1 1 0 1 1 0
 0 1 1 1 1 0 0 1 1 0 1 1 1 1 0 0 1 1 1 1 1 1 0 0 1 1 0 1 0 0 0 0 0 1 1 1 1
 1 1 1 1 0 0 0 0 1 1 1 1 1 1 0 1 0 0 0 1 0 0 1 1 1 1 1 1 0 0 0 0 1 0 0 1 1
 1 1 0 0 0 0 0 1 0 1 1 1 1 0 0 0 0 0 1 1 0 0 1 1 1 1 1 0 0 1 1 0 1 1 1 0 0
 0 1 1 0 1 1 1 0 0 0 1 1 1 1 0 0 0 1 1 0 0 0 1 0 0 1 0 0 0 0 0 0 0 1 0 1 0
 0 1 1 1 1 0 0 1 1 0 0 0 0 0 0 0 1 1 0 0 0 1 1 1 0 0 0 0 0 0 0 0 0 0 0 1 0
 1 0 1 1 1 1 1 0 0 1 0 0 0 0 1 1 0 0 0 1 1 1 1 0 1 0 0 1 0 0 1 0 1 0 0 1 1
 0 1 0 0 0 1 0 1 0 1 0 0 1 0 0 0 1 0 1 0 1 1 0 1 0 1 1 1 1 0 1 1 0 1 0 1 0
 1 1 1 0 0 1 1 1 1 0 0 1 0 1 1 0 0 0 1 1 1 0 0 1 0 1 0 1 0 0 0 1 0 1 0 0 0
 0 1 0 1 0 1 1 0 0 1 0 0 1 0 1 0 0 1 0 0 0 0 0 0 1 1 0 1 0 0 1 0 0 1 0 0 1
 0 0 0 1 1 0 0 0 0 1 1 0 0 0 1 1 0 1 1 0 1 1 1 0 0 0 0 0 1 0 0 1 1 0 1 1 0
 1 0 1 0 1 0 0 1 1 1 0 1 1 0 1 1 0 1 1 1 0 0 0 0 1 0 1 0 1 0 0 1 1 1 0 1 1
 1 1 0 0 1 0 0 1 0 1 0 0 1 0 1 0 1 1 1 0 1 0 1 0 0 0 1 0 1 1 1 1 0 0 1 1 0
 1 0 0 1 1 0 1 0 0 0 0 1 1 1 1 1 0 1 1 0 1 1 0 1 0 0 1 1 1 1 0 0 0 0 0 1 1
 0 1 1 1 0 1 0 1 0 1 1 1 0 1 0 0 0 1 1 1 0 1 0 0 0 0 0 1 1 1 0 1 1 0 0 0 1
 0 0 1 0 1 1 0 0 0 0 1 1 0 0 0 1 0 0 1 1 1 0 1 0 1 0 1 1 0 1 0 1 1 1 1 1 1
 0 0 1 1 0 0 1 1 0 0 0 1 0 1 1 1 0 1 0 0 0 1 1 0 1 0 1 1 0 0 1 1 0 0 0 1 0
 1 0 1 0 1 0 1 1 1 0 1 0 0 0 0 1 1 1 1 0 1 0 0 1 0 0 1 0 0 0 1 1 0 1 1 1 0
 1 1 1 0 0 1 1 0 1 0 1 0 1 0 0 1 1 1 1 0 0 1 0 1 0 0 0 0 1 0 0 0 1 1 0 1 1
 1 1 0 1 0 1 1 0 1 1 1 0 1 0 1 0 1 1 1 0 0 0 1 0 1 1 0 0 0 1 1 0 1 1 1 1 0
 1 1 0 1 0 1 1 0 1 0 1 1 0 1 0 1 1 0 1 0 0 1 0 1 1 1 1 1]

========== Cluster 1 ==========

Labels: [1 0 0 0 0 1 0 1 0 0 0 1 1 0 0 0 1 0 1 1 0 1 1 0 0 0 0 0 0 0 0 0 0 0 0 1 0
 0 1 1 0 0 1 0 0 0 0 0 0 0 0 1 0 1 0 1 1 0 0 0 1 1 1 1 0 0 1 1 0 0 1 1 1 0
 0 0 1 0 1 0 1 0 0 1 0 1 0 1 1 0 0 0 1 1 0 1 0 0 1 1 0 1 0 1 0 1 0 1 0 0 1
 0 1 0 1 0 1 0 0 0 1 1 0 1 1 1 1 0 0 0 1 0 1 0 1 1 1 1 0 0 1 0 0 0 0 0 0 0
 1 0 0 1 1 0 0 0 0 0 1 1 1]

========== Cluster 2 ==========

Labels: [0 1 1 0 0 1 1 0 0 1 0 0 0 1 1 1 0 0 1 0 0 0 1 1 0 0 0 1 1 0 1 0 0 1 0 0 0
 1 0 1 0 1 1 0 1 1 1 0 1 0 0 0 1 1 1 1 0 0 0 0 0 1 1 0 1 0 0 0 1 0 1 1 0 0
 1 1 0 0 0 1 0 0 1 1 1 1 0 0 1 1 1 0 1 1 0 1 1 0 1 1 1 1 1 0 1 0 1 0 0 1 0
 0 0 0 1 0 1 0 0 0 1 1 1 0 1 0 1 0 0 1 0 1 1 1 0 0 1 0 1 1 0 1 1 0 1 1 0 0
 1 0 1 0 0 0 1 1 0 1 1 1 1 1 1 1 1 1 1 1 1 0 0 0 1 0 0 0 0 0 0 0 0 0 0]

