Accuracy: 0.8888888888888888
Recall: 0.8888888888888888
Precision: 0.9259259259259258
F1: 0.8930555555555555

AUC: 0.9953703703703703

