Accuracy: 0.6666666666666666
Recall: 0.6666666666666666
Precision: 0.7775132275132275
F1: 0.6916786916786917

AUC: 0.9238913863913863

