Accuracy: 0.76
Recall: 0.6363636363636364
Precision: 0.4666666666666667
F1: 0.5384615384615384

AUC: 0.7723809523809524

