Accuracy: 0.71
Recall: 0.5294117647058824
Precision: 0.3
F1: 0.3829787234042553

AUC: 0.76

