Accuracy: 0.9298245614035088
Recall: 0.875
Precision: 0.9545454545454546
F1: 0.9130434782608695

AUC: 0.9909090909090909

