Accuracy: 0.6623376623376623
Recall: 0.5333333333333333
Precision: 0.2962962962962963
F1: 0.38095238095238093

AUC: 0.7918518518518518

