Accuracy: 0.7894736842105263
Recall: 0.7777777777777778
Precision: 0.5384615384615384
F1: 0.6363636363636364

AUC: 0.8730769230769231

