Accuracy: 0.75
Recall: 0.6521739130434783
Precision: 0.5769230769230769
F1: 0.6122448979591837

AUC: 0.8361538461538461

