Accuracy: 0.8181818181818182
Recall: 0.782608695652174
Precision: 0.6666666666666666
F1: 0.72

AUC: 0.8318518518518517

