Accuracy: 0.8666666666666667
Recall: 0.8666666666666667
Precision: 0.92
F1: 0.8772727272727272

AUC: 1.0

