Accuracy: 0.7333333333333333
Recall: 0.7333333333333333
Precision: 0.9466666666666667
F1: 0.8

AUC: 0.9133333333333334

