Accuracy: 0.7272727272727273
Recall: 0.6666666666666666
Precision: 0.4444444444444444
F1: 0.5333333333333333

AUC: 0.76

