Accuracy: 0.9122807017543859
Recall: 0.8333333333333334
Precision: 0.9523809523809523
F1: 0.8888888888888888

AUC: 0.9206349206349206

