Accuracy: 0.8947368421052632
Recall: 0.8947368421052632
Precision: 0.8095238095238095
F1: 0.85

AUC: 0.876984126984127

