Accuracy: 0.9642857142857143
Recall: 0.9130434782608695
Precision: 1.0
F1: 0.9545454545454546

AUC: 0.9714285714285714

