Accuracy: 0.8771929824561403
Recall: 0.8571428571428571
Precision: 0.8181818181818182
F1: 0.8372093023255814

AUC: 0.8662337662337662

