============== Classifiers Parameters ==============
[{'cost': np.float64(344.2051133569428), 'gamma': np.float64(50.67977123814717)}, {'cost': np.float64(956.4829749615965), 'gamma': np.float64(20.64105168508038)}]

Optimal clusterer: agglomerative_clustering

External clustering metrics:
adjusted_rand_score: 0.004822126087314539
normalized_mutual_info_score: 0.006192854103830026
v_measure_score: 0.0061928541038300255
fowlkes_mallows_score: 0.34880064305821323

Internal clustering metrics:
silhouette: 0.2602822629332211
davies_bouldin: 1.1271041126787003
calinski_harabasz_score: 1008.5184492839733

Base classifier: svm
========== Cluster 0 ==========

Labels: [2 0 1 1 2 2 1 0 2 2 2 0 2 2 2 1 2 2 0 2 0 2 2 0 0 1 1 1 2 2 1 1 0 0 1 0 0
 2 2 0 1 0 1 1 1 0 2 0 1 1 0 1 1 2 0 2 0 1 2 0 0 2 0 0 1 0 0 2 1 2 2 2 1 2
 0 0 2 1 0 2 0 2 0 1 1 2 0 1 2 2 1 2 2 0 0 0 2 0 2 1 0 2 1 0 2 1 0 2 0 0 1
 1 0 1 1 2 2 1 0 1 0 0 1 0 0 2 0 1 0 1 2 0 2 0 1 1 1 0 0 0 0 2 2 0 1 2 2 2
 1 1 0 2 2 2 1 2 1 0 1 1 2 1 1 0 0 0 0 2 2 2 0 2 2 2 1 0 2 0 2 1 2 0 2 1 2
 1 2 0 2 2 0 2 0 1 1 1 1 0 2 1 2 1 1 2 0 0 1 2 1 1 2 0 0 1 0 1 0 2 0 1 1 1
 0 1 1 2 1 0 0 2 0 2 2 2 2 0 2 1 0 2 0 1 1 1 0 1 0 2 0 0 2 1 1 1 2 0 1 1 1
 0 0 1 0 1 1 1 0 0 1 2 2 0 2 1 1 2 2 1 0 1 1 2 0 0 1 0 1 0 1 2 1 0 2 0 1 0
 0 1 1 0 1 1 1 0 2 1 0 1 2 2 1 2 2 0 2 1 0 0 2 1 2 2 0 0 0 2 2 2 2 1 1 1 2
 1 1 2 2 1 2 2 1 0 0 0 2 1 2 0 0 2 0 0 1 1 1 1 0 2 2 1 0 0 1 1 2 1 1 2 0 0
 0 1 2 0 1 0 1 1 2 1 2 0 0 1 2 1 1 1 2 2 0 1 1 2 0 0 1 1 0 1 1 2 2 1 2 1 2
 1 0 0 2 1 0 2 2 1 1 1 1 0 0 0 0 1 1 0 0 2 1 2 2 1 0 1 0 1 0 0 1 1 2 0 0 1
 2 1 0 0 2 0 2 0 1 0 0 0 0 1 0 0 2 2 2 2 0 0 0 1 1 0 0 2 0 2 1 1 0 1 1 0 0
 1 0 0 2 2 0 0 0 0 0 0 2 1 2 0 0 1 2 2 0 1 2 1 1 0 0 0 2 0 2 0 0 1 0 1 2 2
 0 1 0 1 2 0 1 2 0 1 2 0 1 0 0 1 0 2 2 1 0 2 0 0 1 2 1 1 1 2 1 0 1 2 2 0 2
 1 0 0 0 1 2 0 1 2 2 2 1 1 2 1 0 0 0 0 1 2 2 2 0 1 1 0 1 1 1 1 2 2 0 2 1 0
 1 0 0 1 0 1 0 2 2 2 0 2 2 2 0 0 1 2 1 2 1 0 1 0 1 2 1 1 0 2 1 0 0 1 1 1 1
 1 2 0 1 2 1 2 1 0 0 2 1 2 0 0 1 2 0 0 2 2 2 1 2 2 1 1 1 1 1 2 0 0 0 2 2 0
 2 2 0 1 2 1 2 1 0 2 0 0 2 1 2 2 0 0 1 1 0 2 1 0 1 1 0 1 0 2 0 0 1 0 2 0 2
 1 0 1 0 0 1 1 2 2 2 2 1 1 2 2 1 2 1 1 2 2 2 1 2 2 0 2 1 1 2 0 1 0 1 2 2 2
 1 1 2 0 0 2 0 0 0 0 0 1 2 2 1 0 2 0 0 0 2 1 2 2 0 2 1 0 1 0 0 1 0 1 2 2 2
 2 0 1 2 0 1 1 0 1 2 0 1 0 1 2 2 1 1 0 1 2 0 1 0 2 1 0 0 1 2 0 0 2 2 1]

========== Cluster 1 ==========

Labels: [2 0 0 2 0 1 2 1 2 0 2 0 2 2 2 2 0 0 0 0 2 1 0 1 0 1 1 1 0 0 0 1 2 1 0 1 1
 0 0 2 2 0 0 1 2 0 0 1 2 1 0 0 2 0 0 2 2 0 0 1 0 2 1 2 0 0 2 0 2 0 1 0 1 0
 2 2 2 1 1 1 1 0 2 0 2 0 2 2 2 2 2 2 2 1 1 1 2 0 2 2 0 1 2 2 2 1 2 1 2 1 0
 1 1 2 0 1 2 0 1 0 2 1 0 2 2 0 1 1 2 2 2 1 1 0 2 1 1 2 2 1 2 1 2 1 2 2 1 2
 2 1 2 2 2 2 1 2 1 0 0 2 0 0 0 1 2 0 1 2 2 0 0 1 0 0 2 2 0 1 2 0 1 2 2 2 2
 1 0 1 0 2 0 0 2 2 1 1 0 1 2 0 2 1 0 2 2 0 1 1 1 0 2 0 1 1 1 0 0 2 2 1 2 0
 1 0 1 2 1 2 0 0 2 0 2 1 2 1 1 0 1 2 2 0 1 0 0 2 0 2 1 1 1 0 0 0 0 1 0 2 1
 1 2 1 1 0 2 2 2 1 1 1 0 1 0 2 0 0 1 2 2 2 0 0 1 0 1 1 1 0 1 2 0 0 1 0 2 2
 0 0 2 0 2 1 2 1 0 2 0 1 1 0 1 1 0 1 1 0 1 0 1 0 2 2 1 1 0 0 0 0 2 0 1 0 2
 1 2 2 2 1 0 0 1 1 0 0 1 1 1 2 0 2 1 1 0 0 2 1 2 0 2 0 2 0 2 1 1 2 2 1 2 1
 1 1 1 1 1 2 1 1 2 2 0 1 2 0 0 1 0 1 0 0 1 1 0 1 2 0 1 0 2 2 0 2 2 2 0 2 1
 2 2 1 2 1 0 0 0 2 0 1 0 1 2 2 2 2 1 0 2 2 0 2 2 0 1 2 2 0 2 2 0 0 1 2 1 0
 2 0 2 0 0 2 2 2 2 2 2 0 2 1 2 0 1 1 2 1 2 2 2 1 1 1 2 1 0 1 2 1 0 1 1 1 1
 0 1 0 1 2 1 1 0 2 1 2 2 0 2 0 1 1 1 0 0 1 2 2 0 1 2 2 2 1 0 0 0 1 2 1 1 1
 1 0 0 2 0 1 2 0 2 1 2 2 2 2 0 0 2 2 2 2]

