============== Classifiers Parameters ==============
[{'cost': np.float64(992.2477116418728), 'gamma': np.float64(555.6199690713429)}, {'cost': np.float64(223.7865788407771), 'gamma': np.float64(317.28182668011704)}, {'cost': np.float64(739.648389055372), 'gamma': np.float64(272.13147182205887)}, {'cost': np.float64(608.6602365008811), 'gamma': np.float64(102.85940985234014)}, {'cost': np.float64(967.739227540256), 'gamma': np.float64(841.0855157756616)}]

Optimal clusterer: agglomerative_clustering

External clustering metrics:
adjusted_rand_score: 0.005763636401956414
normalized_mutual_info_score: 0.007961063821199307
v_measure_score: 0.007961063821199309
fowlkes_mallows_score: 0.3855384706602122

Internal clustering metrics:
silhouette: 0.2908439262208471
davies_bouldin: 1.0045083474334995
calinski_harabasz_score: 983.6421810542352

Base classifier: svm
========== Cluster 0 ==========

Labels: [2 0 0 2 1 2 1 2 2 0 2 2 2 2 2 2 1 0 0 0 1 2 0 1 0 1 0 0 1 0 1 2 1 0 1 1 1
 1 2 0 0 2 0 0 2 0 1 0 1 0 2 2 0 0 0 1 0 1 2 0 0 0 2 0 0 2 1 0 0 0 0 0 2 2
 1 1 1 0 1 1 0 2 0 0 2 1 0 0 0 2 2 2 2 1 1 1 0 2 1 0 0 2 2 2 2 0 2 0 2 1 0
 1 0 0 0 1 1 1 0 0 1 1 1 2 2 2 0 1 0 2 1 1 1 2 2 0 1 2 1 2 2 2 1 2 1 2 0 0
 0 0 0 0 2 0 1 0 0 0 0 1 0 2 0 0 0 0 2 1 2 0 1 2 2 1 2 1 0 0 1 0 2 0 2 2 1
 1 1 2 0 2 1 0 2 0 2 0 1 0 0 0 2 0 1 1 1 2 0 2 0 2 0 0 0 1 1 2 0 2 2 1 2 2
 2 1 1 1 0 1 2 2 0 1 0 1 2 2 2 1 0 0 0 0 1 0 1 2 1 0 2 2 1 1 0 1 0 1 0 2 0
 1 2 1 0 0 0 0 0 0 0 2 0 2 0 2 0 1 0 0 0 1 2 2 0 1 2 1 0 1 2 0 0 2 2 0 1 2
 2 0 2 1 1 1 1 1 0 2 0 2 1 0 2 0 2 0 0 1 0 1 0 2 2 0 0 0 0 0 0 0 0 0 0 0 1
 0 1 1 0 0 0 1 0 0 0 1 2 2 1 0 2 0 1 1 2 1 1 2 0 1 0 0 2 1 0 0 0 0 1 0 1 1
 2 0 1 1 2 0 1 0 0 2 2 0 2 0 1 2 1 2 0 0 2 0 0 1 1 2 0 1 1 0 1 2 0 2 0 0 2
 0 1 1 0 0 2 0 0 2 0 0 0 2 0 1 2 0 1 2 0 2 1 1 1 2 1 2 2 2 1 1 1 2 1 2 1 0
 1 1 1 1 0 1 0 1 2 1 0 0 1 2 1 0 0 0 0 1 0 1 1 0 0 0 0 0 2 2 2 1 1 1 0 0 2
 0 2 1 0 0 2 1 2 2]

========== Cluster 1 ==========

Labels: [0 2 2 0 2 2 0 2 2 2 0 1 1 2 2 1 0 0 1 0 2 1 2 0 0 2 1 1 1 2 1 0 2 1 0 1 2
 0 2 2 1 2 1 0 1 1 1 1 0 1 0 0 1 0 0 0 1 0 1 2 2 1 0 2 2 2 1 1 1 0 2 1 2 0
 0 1 0 1 0 2 0 1 1 0 2 2 0 1 2 2 1 1 1 1 0 1 1 1 2 2 1 1 1 0 0 0 0 1 1 0 1
 1 2 0 2 2 1 2 1 0 2 0 0 1 1 0 1 2 2 0 0 1 1 1 0 1 0 1 1 2 1 1 2 1 2 1 2 1
 0 1 1 0 2 1 2 2 1 0 2 0 1 1 1 0 0 2 1 0 0 1 1 0 0 2 2 1 0 0 0 2 2 2 0 0 0
 1 0 0 1 1 2 1 2 2 1 0 2 1 1 1 1 1 1 2 0 2 0 2 1 2 0 1 2 2 2 0 0 1 1 1 1 1
 2 0 1 2 2 1 0 1 0 2 2 2 1 1 2 1 1 2 1 1 1 0 1 2 1 0 1 1 1 2 2 1 1 1 0 2 1
 1 0 0 0 2 1 0 1 2 2 1 2 2 1 2 0 1 1 2 0 0 2 2 0 0 1 0 0 2 1 2 0 1 0 0 1 1
 1 0 1 0 1 2 1 0 0 1 2]

========== Cluster 2 ==========

Labels: [0 0 2 0 0 1 1 1 0 1 2 0 1 2 2 0 0 0 2 2 0 2 1 1 0 1 0 2 2 0 2 2 2 2 2 1 2
 2 1 1 1 1 1 2 1 2 1 2 2 1 2 1 1 1 2 2 2 1 0 2 1 1 2 2 1 0 2 1 2 0 2 1 0 1
 2 1 1 0 2 1 0 1 1 2 0 0 0 1 0 0 1 1 2 1 2 1 1 2 1 0 2 0 2 0 0 1 1 1 1 2 1
 0 1 0 0 0 0 2 1 2 2 1 2 1 1 2 1 0 1 0 0 1 2 1 2 1 1 1 1 0 2 1 1 1 2 2 0 2
 1 0 2 2 2 1 2 0 2 2 0 2 2 2 2 2 2 0 2 2 1 1 1 2 2 1 1 0 2 1 2 2 1 1 1 1 1
 0 1 2 2 2 2 2 2]

========== Cluster 3 ==========

Labels: [2 1 1 1 2 0 2 0 1 0 2 0 0 1 0 2 0 0 0 0 2 0 2 0 2 2 0 1 2 2 1 2 2 0 2 2 0
 1 2 2 2 2 2 1 0 0 1 2 1 2 1 0 2 0 0 2 2 1 0 2 0 1 0 2 2 2 2 1 1 2 2 1 2 0
 2 1 1 2 0 0 0 1 1 1 2 2 2 2 0 2 1 1 1 0 2 1 0 1 0 1 0 0 0 2 2 1 1 2 1 0 1
 2 1 1 1 2 0 1 2 2 2 2 2 1 2 2 2 2 2 1 2 0 2 0 1 0 1 1 2 1 1 0 1 2 0 1 0 2
 1 0 0 1 0 0 1 2 1 1 0 2 2 1 0 0 1 0 2 2 2 0 2 1 1 1 1 0 1 2 0 2 1 0 2 1 1
 2 2 0 1 2 2 1 2 0 2 0 2 1 2 0 0 0 0 0 0 2 1 1 1 1 0 1 0 1 2 2 0 0 1 0 2 0
 1 2 1 2 0 2 0 2 1 2 0 2 2 1 2 2 2 0 0 2 0 2 1 0 2 2 1 1 2 0 1 0 2 0 2 2 2
 1 2 2 0 2 1 1 2 2 1 1 0 2 0 2 0 0 2 2 2 2 0 2 1 2 2 2 2 2 0 1 2 1 0 0 2 1
 2 0 1 0 2 0 0 2]

========== Cluster 4 ==========

Labels: [2 1 0 1 2 2 2 2 1 2 0 2 1 2 0 0 0 2 2 0 2 0 1 1 0 0 2 1 0 1 1 0 2 0 0 0 1
 0 2 2 0 1 2 2 0 2 2 2 0 1 2 1 1 1 0 2]

