============== Classifiers Parameters ==============
[{'cost': np.float64(246.51195986848575), 'gamma': np.float64(7.473734010995997)}, {'cost': np.float64(475.87965407784395), 'gamma': np.float64(16.182884574981912)}]

Optimal clusterer: agglomerative_clustering

External clustering metrics:
adjusted_rand_score: 0.0035666944671712774
normalized_mutual_info_score: 0.004146557308658268
v_measure_score: 0.0041465573086582695
fowlkes_mallows_score: 0.35396347963160263

Internal clustering metrics:
silhouette: 0.28390365132282536
davies_bouldin: 1.0981177562312119
calinski_harabasz_score: 1068.6696012531677

Base classifier: svm
========== Cluster 0 ==========

Labels: [2 2 0 0 1 2 0 1 2 1 2 0 2 1 0 2 2 2 2 2 2 2 2 1 2 0 0 0 0 0 0 2 1 2 0 1 1
 0 1 1 0 1 0 0 0 0 1 1 0 1 2 1 0 1 0 1 1 1 2 0 0 2 2 0 0 0 1 2 0 0 2 0 1 0
 2 1 0 0 0 0 0 2 2 2 0 0 2 0 2 2 1 2 2 1 1 1 1 1 2 2 0 0 2 2 0 2 2 0 2 2 0
 0 2 0 2 2 2 2 0 2 2 2 0 1 0 1 2 2 2 1 0 1 0 2 1 1 1 1 2 2 1 0 1 2 2 2 1 2
 1 2 2 2 2 1 2 2 1 1 2 1 2 1 2 2 1 1 2 0 1 0 0 0 2 2 0 0 0 1 2 0 1 0 1 2 0
 2 0 0 0 0 0 1 0 0 1 2 2 0 1 0 1 2 2 2 0 0 1 0 0 1 0 1 2 1 2 0 1 1 2 2 2 1
 1 2 1 0 0 2 1 0 1 2 0 0 0 1 2 2 2 2 2 2 2 2 1 1 1 1 1 0 1 2 0 2 2 1 0 2 2
 0 2 2 0 1 2 1 0 0 1 0 2 0 1 1 1 1 2 2 0 0 0 2 2 1 2 0 2 0 0 1 0 0 0 1 1 1
 2 1 2 1 2 0 0 0 2 2 0 1 1 1 2 2 0 1 1 2 0 2 1 1 1 0 1 2 2 0 1 0 0 0 1 2 2
 0 2 2 1 1 0 1 0 0 0 0 1 0 0 1 2 1 0 2 1 2 1 1 2 0 2 2 2 1 0 1 1 0 1 0 2 0
 0 2 0 1 2 2 2 1 0 2 0 0 1 0 0 1 1 1 1 0 0 0 2 1 2 0 0 2 0 2 2 0 2 0 1 1 2
 0 0 0 0 1 1 1 1 2 1 2 0 1 0 2 1 1 0 1 2 0 0 0 2 0 2 0 2 2 0 0 0 1 0 2 2 2
 2 0 2 1 2 2 1 1 2 1 2 0 1 1 1 0 2 2 2 0 2 1 0 1 2 2 2 0 2 0 2 0 2 0 0 1 1
 2 1 1 0 1 0 0 1 2 1 0 0 1 2 2 1 2 2 0 0 2 1 0 2 2 1 0 1 2 0 2 0 2 1 2 0 1
 0 2 2 0 0 1 0 1 2 1 0 0 2 1 1 1 1 0 1 2 1 0 1 0 1 2 0 1 0 2 2 0 1 1 1 2 0
 0 0 1 0 0 0 0 2 0 1 1 0 2 0 1 2 2 0 0 1 2 2 1 0 0 1 0 1 1 0 0 1 1 2 0 1 2
 1 0 0 2 2 1 1 0 2 0 0 2 1 2 1 2 0 0 2 0 0 2 0 2 1 1 2 2 1 1 2 0 1 1 1 2 0
 1 1 0 0 1 1 1 1 2 1 1 2 2 0 0 2 1 2 0 0 0 2 1 0 1 0 0 0 1 0 1 1 0 1 1 1 2
 0 2 0 0 1 1 1 2 0 1 2 0 2 1 2 2 0 0 0 2 2 0 0 2 0 2 1 1 2 2 2 1 2 1 0 0 0
 2 0 0 1 2 0 2 1 2 1 2 2 2 2 1 0 2 2 1 0 2 1 2 0 1 2 2 0 0 0 2 0 2 2 0 0 2
 2 0 0 1 2 1 1 0 2 0 0 1 2 0 0 2 0 0 2 0 0 2 0 1 2 2 0 0 2 2 2 2 0 2 2 1 2
 0 1 1 2 1 2 2 2 2 2 1 1 1 2 2 1 2 1 2 0 2 1 2 1 0 1 1 1 2 2 1 1 1 1 0 1 0
 1 2 1 1 0 0 2 0 2 0 0 0 2 2 1 2 2 1 0 2 2 0 0 1 0 1 1 0 0 2 0 2 1 1 2 1 2
 2 2 2 2 0 0 1 2 0 2 1 2 1 0 0 0 2 1 0 1 2 1 2 1 0 1 1 1 2 0 1 1 0 2 0 2 0
 1 2 0 2 1 2 0 2 2 0 2 0 2 0 0 2 2 2 1 2 2]

========== Cluster 1 ==========

Labels: [0 1 2 2 0 2 0 2 2 2 2 0 0 1 1 2 2 1 1 0 0 1 0 2 2 1 1 0 2 0 1 1 0 2 1 2 0
 1 1 2 2 1 2 1 2 1 1 1 1 1 1 1 2 2 0 2 2 0 2 2 0 0 0 0 2 0 1 0 2 0 1 1 0 1
 2 0 0 2 2 0 1 0 2 0 0 0 2 1 1 1 2 1 1 0 1 1 1 1 1 2 2 2 1 1 1 0 2 0 0 0 1
 1 0 1 1 1 0 2 0 2 2 1 2 2 0 2 0 0 0 2 1 1 2 1 1 0 0 1 2 2 0 0 1 1 1 0 1 0
 1 1 2 1 1 0 1 2 1 2 0 1 2 1 0 1 1 0 1 2 2 1 2 1 2 1 0 2 0 1 1 1 1 0 0 1 0
 1 2 1 0 1 1 0 0 1 1 0 1 0 0 2 0 2 1 0 0 0 0 2 2 2 2 0 0 0 1 0 0 1 0 1 1 2
 1 1 2 0 2 2 1 1 0 2 0 1 1 1 1 0 1 1 1 1 0 1 1 2 0 2 0 2 1 2 0 1 1 2 2 0 0
 1 0 0 2 0 1 1 0 1 0 0 0 0 2 0 0 0 0 0 2 1 2 1 0 0 0 2 0 0 0 1 2 0 1 2 0 1
 2 0 1 0 1 2 2 2 1 1 1 2 1 2 2 0 0 1 1 2 2 1 1 0 0 1 2 2 2 0 1 1 1 1 2 2 0
 1 0 1 0 2 2 2 2 2 0 1 1 2 1 1 2 1 1 1 0 1 1 2 1 2 0 2 2 1 1 1 2 0 2 2 2 1
 1 2 1 0 0 2 2 1 2 1 0 1 1 1 0 0 2 0 2 1 1 0 1 1 2 2 1 1 1 2 1 2 1 2 0 1 1
 2 0 0 2 1 2 0 0 1 0 0 2 1 2 0 1 0 0 0 1 1 2 1 0 1 0 1 2 1 0 1 0 1 2]

