Accuracy: 0.71
Recall: 0.5384615384615384
Precision: 0.23333333333333334
F1: 0.32558139534883723

AUC: 0.728095238095238

