Accuracy: 0.79
Recall: 0.7368421052631579
Precision: 0.4666666666666667
F1: 0.5714285714285714

AUC: 0.87

