Accuracy: 0.8
Recall: 0.9166666666666666
Precision: 0.36666666666666664
F1: 0.5238095238095238

AUC: 0.8338095238095238

