Accuracy: 0.79
Recall: 0.8
Precision: 0.4
F1: 0.5333333333333333

AUC: 0.7980952380952381

