Accuracy: 0.78
Recall: 0.75
Precision: 0.4
F1: 0.5217391304347826

AUC: 0.7888095238095237

