Accuracy: 0.7792207792207793
Recall: 0.75
Precision: 0.5555555555555556
F1: 0.6382978723404256

AUC: 0.8585185185185185

