Accuracy: 0.3
Recall: 0.2777777777777778
Precision: 0.8333333333333334
F1: 0.4166666666666667

AUC: 0.4716666666666667

