Accuracy: 0.28
Recall: 0.2857142857142857
Precision: 0.9333333333333333
F1: 0.4375

AUC: 0.43999999999999995

