Accuracy: 0.31
Recall: 0.2903225806451613
Precision: 0.9
F1: 0.43902439024390244

AUC: 0.4888095238095239

