Accuracy: 0.34
Recall: 0.30434782608695654
Precision: 0.9333333333333333
F1: 0.45901639344262296

AUC: 0.5514285714285714

