Accuracy: 0.51
Recall: 0.32727272727272727
Precision: 0.6
F1: 0.4235294117647059

AUC: 0.5316666666666666

