Accuracy: 0.34
Recall: 0.2857142857142857
Precision: 0.8
F1: 0.42105263157894735

AUC: 0.4252380952380952

