Accuracy: 0.55
Recall: 0.3584905660377358
Precision: 0.6333333333333333
F1: 0.4578313253012048

AUC: 0.5714285714285715

