Accuracy: 0.73
Recall: 0.5483870967741935
Precision: 0.5666666666666667
F1: 0.5573770491803278

AUC: 0.6833333333333333

