Accuracy: 0.74
Recall: 0.5625
Precision: 0.6
F1: 0.5806451612903226

AUC: 0.7000000000000002

