Accuracy: 0.7
Recall: 0.5
Precision: 0.5333333333333333
F1: 0.5161290322580645

AUC: 0.6523809523809524

