Accuracy: 0.68
Recall: 0.4642857142857143
Precision: 0.43333333333333335
F1: 0.4482758620689655

AUC: 0.6095238095238096

