Accuracy: 0.9122807017543859
Recall: 0.8636363636363636
Precision: 0.9047619047619048
F1: 0.8837209302325582

AUC: 0.9854497354497355

