Accuracy: 0.8947368421052632
Recall: 0.8636363636363636
Precision: 0.8636363636363636
F1: 0.8636363636363636

AUC: 0.9714285714285713

