Accuracy: 0.8421052631578947
Recall: 0.782608695652174
Precision: 0.8181818181818182
F1: 0.8

AUC: 0.9623376623376624

