Accuracy: 0.9473684210526315
Recall: 1.0
Precision: 0.8571428571428571
F1: 0.9230769230769231

AUC: 0.9973544973544973

