============== Classifiers Parameters ==============
[{'cost': np.float64(4.600187628769676)}, {'cost': np.float64(1.741807901458044)}, {'cost': np.float64(8.371828745957071)}]

Optimal clusterer: agglomerative_clustering

External clustering metrics:
adjusted_rand_score: 0.03277831094374573
normalized_mutual_info_score: 0.003959809809437264
v_measure_score: 0.003959809809437264
fowlkes_mallows_score: 0.6709191410686467

Internal clustering metrics:
silhouette: 0.4911238973132975
davies_bouldin: 0.846527705406556
calinski_harabasz_score: 550.2874081812162

Base classifier: lr
========== Cluster 0 ==========

Labels: [0 0 0 0 0 1 0 0 0 0 1 0 1 0 0 1 1 0 0 1 1 1 0 1 0 0 1 1 0 0 1 0 0 1 0 0 0
 0 0 0 0 1 0 0 0 1 1 0 0 0 0 1 0 1 0 0 0 1 0 1 0 0 0 0 0 0 0 0 1 0 0 1 0 1
 0 0 1 0 1 1 0 0 0 0 0 0 0 1 0 0 1 0 1 0 0 0 0 1 1 0 0 0 0 0 0 0 1 0 0 1 0
 0 1 0 1 0 0 0 0 0 0 1 1 1 0 0 1 0 0 0 0 0]

========== Cluster 1 ==========

Labels: [0 0 0 0 1 0 1 1 0 0 0 0 0 0 0 0 1 0 1 0 0 0 0 0 0 0 0 0 0 1 0 0 0 0 0 0 0
 0 0 1 0 1 0 0 0 0 0 0 0 0 0 1 1 1 1 0 0 0 0 0 0 0 0 0 0 0 0 0 0 0 0 1 0 0
 0 1 0 0 0 1 0 1 0 0 0 0 0 0 1 1 0 0 0 0 0 0 1 0 0 0 0 0 0 0 0 1 1 0 0 0 0
 1 0 0 1 0 0 0 0 0 1 1 1 0 0 0 0 0 0 0 0 0 0 0 0 0 0 0 1 0 0 0 0 1 0 0 1 0
 0 0 1 0 0 0 0 0 0 0 0 1 1 1 1 1 0 1 1 1 0 0 1 0 0 0 0 0 0 0 0 1 0 0 1 1 0
 0 1 0 0 0 1 0 0 0 1 0 0 0 0 0 0 0 0 0 1 0 1 0 0 0 0 1 0 0 1 0 1 0 0 1 0 0
 0 0 0 1 0 0 0 0 0 0 0 0 0 0 0 0 0 0 0 0 0 0 0 0 0 0 0 1 0 1 0 0 1 0 0 0 0
 1 0 0 0 0 0 0 0 0]

========== Cluster 2 ==========

Labels: [0 0 0 0 0 1 0 0 0 0 1 0 0 1 0 0 0 0 0 0 0 0 0 1 1 1 1 0 0 1 0 0 1 0 0 0 1
 0 0 0 0 0 1 0 0 1 1 0 0 0 0 0 0 0 0 0 0 1 1 0 1 0 1 0 1 0 0 0 0 1 1 1 1 0
 1 0 0 0 0 1 1 0 0 0 1 0 0 0 1 1 0 0 1 1 0 0 0 0 0 1 0 0 0 0 1 1 1 0 0 0 0
 0 0 0 0 0 1 0 0 0 0 0 1 0 0 0 0 1 1 1 0 0 1 1 0 0 0 1 0 0 0 0 1 0 1 0 0 0
 0 0 0 0 0 0 0 0 0 0 1 0 0 0 0 0 0 0 1 0 0 0 0 1 0 1 1 1 0 1 0 0 0 0 0 0 0
 0 1 0 0 0 1 0 0 0 0 0 0 1 1 0 0 0 0 1 1 0 0 0 0 0 0 0 0 0 1 0 0 0 0 0 0 0
 0 0 0 0 0 1 0 1 0 0 0 0 0 0 0 0 0 0 0 0 0 0 0 0 0 0 0 0 0 0 1 1 1 0 0 0 0
 0 0 1 0 0 0 0 0 0 0 0 1 0 1 0]

