Accuracy: 0.69
Recall: 0.48148148148148145
Precision: 0.43333333333333335
F1: 0.45614035087719296

AUC: 0.6904761904761905

