Accuracy: 0.78
Recall: 0.6666666666666666
Precision: 0.5333333333333333
F1: 0.5925925925925926

AUC: 0.83

