Accuracy: 0.8
Recall: 0.7777777777777778
Precision: 0.4666666666666667
F1: 0.5833333333333334

AUC: 0.8223809523809523

