Accuracy: 0.75
Recall: 0.6
Precision: 0.5
F1: 0.5454545454545454

AUC: 0.7533333333333333

