Accuracy: 0.74
Recall: 0.5833333333333334
Precision: 0.4666666666666667
F1: 0.5185185185185185

AUC: 0.7557142857142857

