============== Classifiers Parameters ==============
[{'n_estimators': 426, 'max_depth': 1, 'min_samples_split': 8, 'min_samples_leaf': 10, 'learning_rate': np.float64(0.7060336811064999)}, {'n_estimators': 175, 'max_depth': 3, 'min_samples_split': 4, 'min_samples_leaf': 4, 'learning_rate': np.float64(0.5811743150144955)}, {'n_estimators': 17, 'max_depth': 7, 'min_samples_split': 7, 'min_samples_leaf': 4, 'learning_rate': np.float64(0.6986096773270236)}]

Optimal clusterer: kmeans

External clustering metrics:
adjusted_rand_score: 0.0
normalized_mutual_info_score: 0.0
v_measure_score: 0.0
fowlkes_mallows_score: 0.5943423555458393

Internal clustering metrics:
silhouette: -inf
davies_bouldin: inf
calinski_harabasz_score: -inf

Base classifier: gb
========== Cluster 0 ==========

Labels: [2 0 0 0 2 2 0 2 0 0 0 2 0 2 0 1 2 0 2 1 2 0 0 0 0 2 2 1 0 0 2 2 0 2 2 0 0
 0 2 0 2 2 0 0 2 0 1 0 0 2 1 0 1 0 1 2 2 2 0 0 2 2 1 0 0 2 0 2 0 1 1 2 2 1
 2 2 2 0 2 1 0 2 1 0 2 0 1 0 2 1 0 0 2 1 1 2 0 2 0 2 0 2 2 2 2 2 0 2 0 1 1
 2 2 0 2 2 0 2 0 0 1 2 2 2 1 2 1 1 0 2 2 0 2 1 2 1 2 2 2 2 2 0 2 2 2 1 0 0
 2 2 1 2 0 2 2 1 0 2 0 0 2 2 0 2 0 2 0 2 0 2 2 0 1 0 2 0 1 1 2 0 1 0 2 0 0
 2 0 2 0 0 0 0 2 0 0 1 2 0 0 0 0 0 0 2 0 2 0 0 2 0 2 0 0 1 2 1 2 0 0 2 0 0
 1 0 1 0 2 2 0 2 2 0 2 2 0 0 2 1 2 2 1 0 0 1 0 2 2 0 0 0 2 0 1 0 0 0 1 1 0
 1 0 2 0 0 0 0 1 0 1 2 1 2 1 2 0 2 0 1 0 0 0 2 0 2 0 0 2 1 1 0 0 1 0 0 0 0
 1 2 2 1 2 0 1 2 2 1 0 0 2 1 2 1 0 0 2 2 2 2 0 0 0 2 1 2 2 2 0 2 0 1 2 2 2
 2 2 1 0 0 0 0 1 0 2 0 0 2 0 1 2 0 1 1 2 2 0 2 0 1 2 0 2 1 0 0 1 0 2 0]

========== Cluster 1 ==========

Labels: [1 1 1 0 1 2 1 0 1 0 1 1 1 2 0 0 2 1 1 1 0 1 2 0 1 2 1 0 1 1 1 2 1 0 0 0 0
 0 1 0 2 1 0 1 2 0 1 0 0 1 2 2 1 1 1 2 0 0 2 2 2 1 1 1 0 1 0 0 2 1 1 0 2 1
 0 0 2 1 1 1 1 1 2 1 1 2 2 1 2 2 1 1 2 2 0 2 2 0 0 2 1 2 1 0 1 1 2 1 1 2 2
 1 0 1 2 0 0 1 1 1 1 2 2 0 0 0 1 2 2 2 0 2 0 2 0 0 2 2 0 1 1 1 0 2 2 1 0 1
 2 1 0 0 2 2 0 2 1 0 2 1 1 0 0 0 0 1 0 1 0 1 2 1 1 2 2 1 1 1 2 0 1 0 1 1 1
 0 1 1 1 1 1 1 0 2 2 2 2 2 0 0 1 0 1 2 0 2 1 1 0 1 2 0 0 2 0 0 1 2 0 2 0 2
 0 0 2 2 1 0 2 0 0 2 2 1 1 1 1 0 2 1 1 0 2 2 2 2 1 1 0 1 2 1 0 0 0 2 1 1 2
 1 0 1 2 0 1 1 0 1 2 0 0 2 1 1 0 1 0 1 0 1 2 2 0 2 1 0 0 2 2 0 1 2 1 2 1 2
 1 0 2 2 0 2 0 0 0 0 0 0 1 0 0 2 2 2 0 2 2 1 2 2 1 2 2 2 0 0 0 2 1 1 0 0 0
 1 2 2 0 0 1 1 2 2 2 2 2 2 1 0 2 1 1 2 1 2 1 0 1 0 1 0 1 1 0 2 2 1 2 2 2 1
 2 2 2 2 2 1 1 2 2 2 1 0 2 2 2 0 2 1 0 0 1 1 2 0 2 0 1 1 1 1 1 1 2 0 0 2 2
 2 0 0 1 2 1 1 0 1 0 0 1 0 2 0 1 2 2 0 2 2 1 0 2 2 1 1 1 0 1 1 1 1 1 1 1 1
 2 2 2 0 0 2 2 0 1 2 2 1 1 2 0 2 2 1 1 1 1 0 0 0 0 0 2 1 2 1 0 1 0 1 2 1 2
 0 1 0 1 1 0 2 2 0 0 0 0 2 1 0 2 1 1 2 2 1 1 2 1 1 1 2 2 0 0 0 0 0]

========== Cluster 2 ==========

Labels: [0 0 2 2 1 0 0 0 2 2 2 0 0 2 0 2 2 0 0 0 0 0 0 2 0 2 0 0 0 2 0 0 0 2 0 0 0
 2 2 0 0 0 2 1 0 0 1 0 1 0 2 1 2 0 0 0 0 0 0 0 2 0 2 0 0 0 0 0 0 0 0 2 0 2
 0 2 2 0 2 0 0 2 0 0 0 2 0 0 2 1 2 1 0 0 2 0 2 0 0 1 0 2 2 1 0 0 2 2 2 2 0
 0 2 0 2 2 0 2 2 0 0 0 0 0 0 2 1 1 0 2 0 2 2 0 0 0 0 0 0 0 0 1 2 0 0 0 1 0
 0 2 0 1 2 0 0 2 1 0 2 1 0 2 1 0 0 2 0 2 0 1 1 2 0 0 0 0 2 2 2 0 0 0 2 0 0
 0 1 0 2 0 0 2 0 0 0 0 0 2 1 1 0 2 0 0 2 0 0 0 2 1 0 2 0 0 0 0 0 0 2 1 0 0
 0 0 0 0 0 0 2 0 2 2 2 2 0 2 0 0 1 0 0 0 0 2 2 2 0 2 0 2 0 1 2 0 0 2 0 0 2
 0 1 2 2 0 0 2 2 1 0 0 0 0 0 0 0 0 0 2 2 0 2 2 2 0 0 1 0 0 0 2 2 1 2 1 0 0
 0 0 2 0 2 0 0 2 0 2 0 0 2 2 2 1 2 2 2 0 0 0 0 0 0 0 0 0 0 0 0 1 2 0 2 2 0
 2 0 0 0 0 0 2 2 0 0 2 1 2 2 0 1 2 0 1 0 2 0 2 0 0 0 2 0 0 0 1 0 2 0 0 0 2
 2 2 1 2 0 2 0 2 2 2 0 0 2 0 0 0 0 0 0 0 2 2 0 0 2 0 0 0 0 2 0 0 1 2 1 2 0
 2 1 2 0 0 0 0 2 0 1 2 2 0 0 2 0 2 0 0 2 2 0 0 0 2 2 2 2 2 2 2 2 0 0 2 0 0]

