============== Classifiers Parameters ==============
[{'n_estimators': 299, 'max_depth': 1, 'min_samples_split': 7, 'min_samples_leaf': 3, 'learning_rate': np.float64(0.15955086463404872)}, {'n_estimators': 21, 'max_depth': 4, 'min_samples_split': 8, 'min_samples_leaf': 8, 'learning_rate': np.float64(0.32310101928713875)}]

Optimal clusterer: kmeans

External clustering metrics:
adjusted_rand_score: 0.0
normalized_mutual_info_score: 0.0
v_measure_score: 0.0
fowlkes_mallows_score: 0.5943423555458393

Internal clustering metrics:
silhouette: -inf
davies_bouldin: inf
calinski_harabasz_score: -inf

Base classifier: gb
========== Cluster 0 ==========

Labels: [1 1 1 0 1 2 0 1 0 1 0 1 1 1 2 2 0 0 0 2 1 1 1 1 0 1 2 0 1 2 2 1 0 1 1 1 2
 2 1 1 0 0 0 0 0 1 0 2 1 0 1 2 0 0 1 0 0 1 2 2 1 1 1 2 2 1 2 0 0 2 0 2 2 2
 1 1 2 0 1 0 0 1 1 0 0 0 0 2 1 0 1 0 2 1 1 0 0 0 2 1 1 1 1 1 2 1 1 2 2 1 2
 2 1 1 2 2 0 2 2 0 0 2 1 2 2 1 0 1 1 2 2 1 1 2 2 1 0 1 2 0 0 1 1 1 1 2 2 0
 0 1 0 1 2 2 2 2 2 0 2 0 2 0 0 2 2 2 0 0 1 1 1 1 0 2 2 1 0 1 2 0 0 1 0 0 2
 2 0 2 1 0 2 1 1 0 1 0 0 0 1 0 1 0 0 1 2 1 1 0 2 2 1 2 1 1 2 1 0 1 1 0 1 1
 1 0 0 1 1 1 1 1 1 0 2 2 2 2 2 0 2 0 0 1 0 1 2 0 2 2 1 1 0 1 2 0 0 2 0 2 0
 1 2 0 1 2 0 2 0 0 2 2 2 2 1 0 2 0 0 2 0 2 1 1 1 1 0 2 1 2 1 0 2 2 2 2 1 1
 2 0 1 2 1 2 0 1 0 0 0 2 0 1 1 1 2 1 2 0 0 0 1 2 0 1 1 0 0 0 1 2 0 0 2 1 0
 2 2 0 0 0 0 0 0 0 0 0 2 2 0 0 0 0 1 1 2 2 2 2 2 2 1 1 0 2 2 1 1 2 1 2 1 0
 1 0 1 0 2 1 1 0 0 2 2 1 1 2 2 2 1 2 2 2 2 2 1 0 1 2 2 1 2 1 0 0 2 2 2 2 0
 2 1 2 1 0 0 1 1 2 0 2 0 1 1 1 1 1 1 2 0 0 2 2 2 2 0 2 2 0 1 2 1 0 1 0 1 0
 0 1 0 2 0 1 2 2 0 2 2 2 1 0 2 2 2 1 1 2 1 1 0 1 1 1 1 1 1 1 0 1 2 2 2 0 0
 2 2 0 1 1 2 2 1 1 2 0 2 2 0 1 1 1 1 0 0 0 0 0 2 1 2 1 0 1 0 1 1 2 1 2 0 1
 0 1 1 0 2 2 0 0 0 0 0 0 2 1 0 2 1 1 2 2 1 1 2 1 1 1 2 1 2 0 1 0 1 0 1 0 0
 2 1 2 0 2 2 2 1 2 2 0 2 2 0 0 1 0 1 0 2 0 2 0 0 1 0 2 0 2 0 2 0 2 0 0 1 0
 0 2 1 2 0 2 2 1 0 1 0 2 2 1 2 2 1 0 1 2 1 1 0 2 0 2 0 0 0 1 2 0]

========== Cluster 1 ==========

Labels: [2 0 0 0 0 0 2 2 0 2 2 2 0 0 1 0 0 2 0 0 2 2 2 0 0 2 1 2 0 0 2 2 2 0 0 0 0
 0 0 0 0 2 0 0 0 2 2 0 0 0 2 0 0 0 2 0 0 0 2 2 0 0 0 0 2 2 1 0 0 1 2 0 0 1
 0 2 2 0 0 0 0 0 0 0 0 0 2 0 0 0 0 2 2 0 2 0 0 0 0 0 0 2 0 2 0 2 2 2 1 0 2
 0 1 2 2 2 0 0 2 0 0 0 2 0 2 0 2 0 2 1 2 1 1 0 0 0 2 0 2 0 0 0 1 0 2 0 2 1
 0 0 0 2 1 2 1 2 2 0 0 2 2 2 1 2 2 2 0 0 2 1 0 2 2 2 0 0 0 2 1 0 0 0 0 0 0
 1 0 2 1 0 1 0 2 2 0 2 1 2 2 0 0 0 0 0 2 0 0 2 2 2 0 2 2 0 1 2 0 2 0 0 0 1
 2 0 1 0 0 2 0 2 1 2 2 2 0 0 2 0 2 0 0 2 1 1 2 1 2 0 2 2 1 0 2 0 2 0 1 2 0
 2 1 1 2 0 2 0 0 0 1 2 2 2 1 2 2 2 0 0 2 0 2 2 0 0 0 0 2 2 0 0 1 2 1 2 0 0
 2 2 0 1 0 2 0 0 2 0 0 0 0 2 1 1 0 2 0 0 2 0 0 0 2 0 2 0 1 0 2 0 2 0 0 0 0
 0 0 2 0 2 0 2 1 0 0 0 0 0 2 0 0 0 0 0 2 0 1 1 2 2 2 2 0 2 0 2 0 0 0 1 0 0
 0 2 0 2 0 2 2 2 0 0 2 0 0 2 0 2 0 1 1 2 2 0 0 0 2 2 2 2 2 2 2 2 2 0 0 0 0
 0 0 0 0 0 0 0 0 0 0 0 2 0 2 2 0 2 0 1 0 2 0 0 0 0 0 0 0 0 0 0 1 2 1 2 2 0
 0 2 0 2 0 2 1 0 0 0 0 0 0 0 0 0 2 2 0 2 0 2 0 2 1 1 2 0 0 2 1 0 0 0 0 1 2
 0 1 0 2 0 2 2 0 2 1 0 2 0 0 0 0 1 2 0 1 0 2 0 0 0 0 2 2 2 2 1 1 2 0 2 0 1
 0 0 2 2 2 2 0 0 2 0 2 0 2 0 1 0 0 2 2 0 2 0 0 1 0 2 2 0 0 2 2 2 0 0 2 0 0
 0 0 0 2 0 0 1 0 0 2 1 0 2 0 2 2 1 2 0 0 0 0 2 0 2 0 0 1 1 2 0 2 1 2 0 0 2
 2 2 0 2 2 0 0 2 2 0 0 1 2 0 0 2 2 1 2 0 0 2 2 1 1 2 2 1 2 1 2 1 0 0 1 2 2
 0 0 2 0 1 0 2 2 0 2 0 1 0 0 0 0 0 0 0 0 1 0 0 0 0 2 0 2 0 1 1 2 0 2 0 2 0
 0 0 2 1 2 2 0 0 0 0 0 2 1 2 2 0 2 2 0 0 2 0 0 2 2 2 0 2 0 2 1 1 0 0 0 2]

