============== Classifiers Parameters ==============
[{'n_estimators': 395, 'max_depth': 2, 'min_samples_split': 6, 'min_samples_leaf': 10, 'learning_rate': np.float64(0.14347834838989476)}, {'n_estimators': 315, 'max_depth': 9, 'min_samples_split': 7, 'min_samples_leaf': 10, 'learning_rate': np.float64(0.226690961654597)}]

Optimal clusterer: kmeans

External clustering metrics:
adjusted_rand_score: 0.0
normalized_mutual_info_score: 0.0
v_measure_score: 0.0
fowlkes_mallows_score: 0.5943423555458393

Internal clustering metrics:
silhouette: -inf
davies_bouldin: inf
calinski_harabasz_score: -inf

Base classifier: gb
========== Cluster 0 ==========

Labels: [2 0 0 0 0 0 2 2 0 2 2 2 0 0 1 0 0 2 0 0 2 2 2 0 0 2 1 2 0 0 2 2 2 0 0 0 0
 0 0 0 0 2 0 0 0 2 2 0 0 0 2 0 0 0 2 0 0 0 2 2 0 0 0 0 2 2 1 0 0 1 2 0 0 1
 0 2 2 0 0 0 0 0 0 0 0 0 2 0 0 0 0 2 2 0 2 0 0 0 0 0 0 2 0 2 0 2 2 2 1 0 2
 0 1 2 2 2 0 0 2 0 0 0 2 0 2 0 2 0 2 1 2 1 1 0 0 0 2 0 2 0 0 0 1 0 2 0 2 2
 1 0 0 0 2 1 2 1 2 2 0 0 2 2 2 1 2 2 2 0 0 2 1 0 2 2 2 0 0 0 2 1 0 0 0 0 0
 0 1 0 2 1 0 1 0 2 2 0 2 1 2 2 0 0 0 0 0 2 0 0 2 2 2 0 2 2 0 1 2 0 2 0 0 0
 1 2 0 1 0 0 2 0 2 1 2 2 2 0 0 2 0 2 0 0 2 1 1 2 1 2 2 0 2 2 1 0 2 0 2 0 1
 2 0 2 1 1 2 0 2 0 0 0 1 2 2 2 1 2 2 2 0 0 2 0 2 2 0 0 0 0 2 2 0 0 1 2 1 2
 0 0 2 2 0 1 0 2 0 0 2 0 0 0 0 2 1 1 0 2 0 0 2 0 0 0 2 0 2 0 1 0 2 0 2 0 0
 0 0 0 0 2 0 2 0 2 1 0 0 0 0 0 2 0 0 0 0 0 2 0 1 1 2 2 2 2 0 2 0 2 0 0 0 1
 0 0 0 2 0 2 0 2 2 2 0 0 2 0 0 2 0 2 0 1 1 2 2 0 0 0 0 0 2 0 0 2 0 0 2 0 1
 2 2 2 0 2 2 2 1 0 0 0 1 0 2 0 0 0 0 2 0 0 0 0 0 2 0 0 2 2 2 0 2 2 0 0 2 0
 0 0 1 0 2 2 1 0 0 0 0 2 1 0 2 2 2 0 1 0 0 2 2 1 1 1 2 1 2 2 2 2 2 2 1 1 0
 0 0 0 0 0 0 0 0 0 0 0 2 0 0 0 0 2 0 1 0 2 0 0 0 0 2 2 2 2 1 1 2 0 2 0 1 0
 0 2 2 2 2 0 0 2 0 2 0 2 0 1 0 0 2 2 0 2 0 0 1 0 2 2 0 0 2 2 2 0 0 2 2 1 0
 0 0 0 0 2 0 0 1 0 0 2 1 0 2 0 2 2 1 2 0 0 0 0 2 0 2 0 0 1 1 2 0 2 1 2 0 0
 2 2 2 0 2 2 0 0 2 2 0 0 1 2 0 0 2 2 1 2 0 0 2 2 1 1 2 2 1 2 1 2 1 0 0 1 2
 2 0 0 2 0 1 0 2 2 0 2 0 1 0 2 0 0 0 0 0 0 0 1 0 0 0 0 2 0 2 0 1 1 2 0 2 0
 2 0 0 0 2 1 2 2 0 0 0 0 0 2 1 2 2 0 2 2 0 0 2 0 0 2 2 0 2 0 2 0 2 1 1 0 0
 0 2]

========== Cluster 1 ==========

Labels: [1 1 1 0 1 2 0 1 0 1 0 1 1 1 2 2 0 0 0 2 1 1 1 1 0 1 2 0 1 2 2 1 0 1 1 1 2
 2 1 1 0 0 0 0 0 1 0 2 1 0 1 2 0 0 1 0 0 1 2 2 1 1 1 2 2 1 2 0 0 2 0 2 2 2
 1 1 2 0 1 0 0 1 1 0 0 0 0 2 1 0 1 0 2 1 1 0 0 0 2 1 1 1 1 1 2 1 1 2 2 1 2
 2 1 1 2 2 0 2 2 0 0 2 1 2 2 1 0 1 1 2 1 1 2 2 1 0 1 2 0 0 1 1 1 1 2 2 0 0
 1 0 1 2 2 2 2 2 0 2 0 2 0 0 2 2 2 0 0 1 1 1 1 0 2 2 1 0 1 2 0 0 1 0 0 2 2
 0 2 1 0 2 1 1 0 1 0 0 0 1 0 1 0 0 1 2 1 1 0 2 2 1 1 1 2 1 0 1 1 0 1 1 1 0
 0 1 1 1 1 1 1 0 2 2 2 2 2 0 2 0 0 1 0 1 2 0 2 2 1 1 0 1 2 0 0 2 0 2 0 1 2
 0 1 2 0 2 0 0 2 2 2 2 1 0 2 0 0 2 0 2 1 1 1 1 0 2 1 2 1 0 2 2 2 2 1 1 2 0
 1 2 1 2 0 1 0 0 0 2 0 1 1 1 2 1 2 0 0 0 1 2 0 1 1 0 0 0 1 2 0 0 2 1 1 0 1
 0 0 0 1 0 0 0 0 1 2 0 2 2 0 0 1 2 2 1 0 0 0 0 2 1 2 0 1 1 2 2 1 2 1 2 1 0
 2 2 2 2 2 0 2 0 0 0 0 1 0 2 0 1 0 0 2 2 1 2 2 2 1 2 2 1 2 2 2 2 1 1 1 0 0
 0 2 2 0 2 2 0 0 1 2 0 2 0 1 1 1 1 1 1 2 0 0 2 2 2 2 0 2 2 0 1 2 1 0 1 0 1
 0 0 1 0 2 0 1 2 2 0 2 2 2 1 0 2 2 2 1 1 1 0 1 1 1 1 1 1 1 0 1 2 2 2 0 0 2
 2 0 1 1 2 2 1 1 2 0 2 2 0 1 1 1 1 0 0 0 0 0 2 1 2 1 0 1 0 1 1 2 1 2 0 1 0
 1 1 0 2 2 0 0 0 0 0 0 2 1 0 2 1 1 2 2 1 1 2 1 1 1 2 1 2 0 1 0 1 0 1 0 0 2
 1 2 0 2 2 2 1 2 2 0 2 0 0 1 0 1 0 2 0 2 0 0 1 0 2 0 2 0 2 0 2 0 0 1 0 0 2
 1 2 0 2 2 1 0 1 0 2 2 1 2 2 1 0 1 2 1 1 0 2 2 0 0 0 1 2 0]

