Accuracy: 0.6493506493506493
Recall: 0.5
Precision: 0.48148148148148145
F1: 0.49056603773584906

AUC: 0.7177777777777777

