Accuracy: 0.8421052631578947
Recall: 0.7916666666666666
Precision: 0.7307692307692307
F1: 0.76

AUC: 0.8761538461538461

