Accuracy: 0.7532467532467533
Recall: 0.6428571428571429
Precision: 0.6666666666666666
F1: 0.6545454545454545

AUC: 0.8077777777777777

