Accuracy: 0.75
Recall: 0.6666666666666666
Precision: 0.5384615384615384
F1: 0.5957446808510638

AUC: 0.6992307692307692

