Accuracy: 0.6103896103896104
Recall: 0.4444444444444444
Precision: 0.4444444444444444
F1: 0.4444444444444444

AUC: 0.5722222222222222

