Accuracy: 0.5782312925170068
Recall: 0.5782312925170068
Precision: 0.577879636703166
F1: 0.5777943364513476

AUC: 0.721913683513455

