Accuracy: 0.5578231292517006
Recall: 0.5578231292517006
Precision: 0.5620118177140987
F1: 0.5568936958826524

AUC: 0.7337052234060378

