Accuracy: 0.564625850340136
Recall: 0.564625850340136
Precision: 0.5670787795637735
F1: 0.5639339826839828

AUC: 0.7420986846803226

