Accuracy: 0.6351351351351351
Recall: 0.6351351351351351
Precision: 0.6546956620486032
F1: 0.6405105910789901

AUC: 0.8006437662784412

