Accuracy: 0.5405405405405406
Recall: 0.5405405405405406
Precision: 0.5497108826093646
F1: 0.5403547615412022

AUC: 0.7778290196135007

