Accuracy: 0.5850340136054422
Recall: 0.5850340136054422
Precision: 0.6021352263849262
F1: 0.5914828193153315

AUC: 0.7686206349454544

