Accuracy: 0.5714285714285714
Recall: 0.5714285714285714
Precision: 0.5985430247134927
F1: 0.579789921980739

AUC: 0.7414952213829001

