Accuracy: 0.5202702702702703
Recall: 0.5202702702702703
Precision: 0.5475559593206651
F1: 0.524274925794505

AUC: 0.7106511984428425

