Accuracy: 0.4965986394557823
Recall: 0.4965986394557823
Precision: 0.49402387217513266
F1: 0.4943650865728787

AUC: 0.6744059643173236

