Accuracy: 0.54421768707483
Recall: 0.54421768707483
Precision: 0.5476043231145272
F1: 0.5380991790281995

AUC: 0.7475405411145496

