Accuracy: 0.6623376623376623
Recall: 0.5161290322580645
Precision: 0.5925925925925926
F1: 0.5517241379310345

AUC: 0.7007407407407407

