Accuracy: 0.6623376623376623
Recall: 0.5172413793103449
Precision: 0.5555555555555556
F1: 0.5357142857142857

AUC: 0.745925925925926

