Accuracy: 0.7012987012987013
Recall: 0.5714285714285714
Precision: 0.5925925925925926
F1: 0.5818181818181818

AUC: 0.7429629629629629

