Accuracy: 0.6883116883116883
Recall: 0.5652173913043478
Precision: 0.48148148148148145
F1: 0.52

AUC: 0.7207407407407406

