Accuracy: 0.7402597402597403
Recall: 0.7058823529411765
Precision: 0.4444444444444444
F1: 0.5454545454545454

AUC: 0.8081481481481482

