Accuracy: 0.7142857142857143
Recall: 0.6666666666666666
Precision: 0.37037037037037035
F1: 0.47619047619047616

AUC: 0.794074074074074

