Accuracy: 0.8157894736842105
Recall: 0.875
Precision: 0.5384615384615384
F1: 0.6666666666666666

AUC: 0.836923076923077

