Accuracy: 0.9473684210526315
Recall: 0.88
Precision: 1.0
F1: 0.9361702127659575

AUC: 0.9922077922077922

