Accuracy: 0.8771929824561403
Recall: 0.8260869565217391
Precision: 0.8636363636363636
F1: 0.8444444444444444

AUC: 0.9402597402597402

