Accuracy: 0.7792207792207793
Recall: 0.65625
Precision: 0.7777777777777778
F1: 0.711864406779661

AUC: 0.7977777777777778

