Accuracy: 0.8148148148148148
Recall: 1.0
Precision: 0.5833333333333334
F1: 0.7368421052631579

AUC: 0.8972222222222221

