Accuracy: 0.9259259259259259
Recall: 0.8571428571428571
Precision: 1.0
F1: 0.9230769230769231

AUC: 0.9972222222222222

