Accuracy: 0.7037037037037037
Recall: 0.7
Precision: 0.5833333333333334
F1: 0.6363636363636364

AUC: 0.8

