Accuracy: 0.7272727272727273
Recall: 0.6071428571428571
Precision: 0.6296296296296297
F1: 0.6181818181818182

AUC: 0.7048148148148149

