Accuracy: 0.69
Recall: 0.4838709677419355
Precision: 0.5
F1: 0.4918032786885246

AUC: 0.6357142857142858

