Accuracy: 0.66
Recall: 0.42857142857142855
Precision: 0.4
F1: 0.41379310344827586

AUC: 0.5857142857142857

