Accuracy: 0.71
Recall: 0.52
Precision: 0.43333333333333335
F1: 0.4727272727272727

AUC: 0.6309523809523809

