Accuracy: 0.77
Recall: 0.6521739130434783
Precision: 0.5
F1: 0.5660377358490566

AUC: 0.6892857142857143

