============== Classifiers Parameters ==============
[{'n_estimators': 472, 'max_depth': 2, 'min_samples_split': 3, 'min_samples_leaf': 4, 'learning_rate': np.float64(0.5287151282750034)}, {'n_estimators': 349, 'max_depth': 1, 'min_samples_split': 6, 'min_samples_leaf': 8, 'learning_rate': np.float64(0.8287190029523696)}, {'n_estimators': 21, 'max_depth': 9, 'min_samples_split': 6, 'min_samples_leaf': 10, 'learning_rate': np.float64(0.1027108690489224)}, {'n_estimators': 25, 'max_depth': 3, 'min_samples_split': 5, 'min_samples_leaf': 2, 'learning_rate': np.float64(0.13371608784262204)}]

Optimal clusterer: kmeans

External clustering metrics:
adjusted_rand_score: 0.0
normalized_mutual_info_score: 0.0
v_measure_score: 0.0
fowlkes_mallows_score: 0.5943423555458393

Internal clustering metrics:
silhouette: -inf
davies_bouldin: inf
calinski_harabasz_score: -inf

Base classifier: gb
========== Cluster 0 ==========

Labels: [2 2 0 1 0 2 2 1 0 2 1 0 0 2 1 0 0 1 2 2 0 0 0 0 2 1 1 0 0 2 0 0 0 0 2 1 1
 2 1 1 0 2 1 2 1 0 0 1 1 1 2 0 2 1 0 0 2 2 0 2 1 2 2 2 0 0 1 0 2 0 2 0 0 1
 1 2 2 2 0 0 1 2 1 2 2 0 1 2 2 0 2 2 0 2 0 0 0 2 0 0 1 0 2 0 2 2 0 2 0 2 0
 0 0 0 0 2 2 0 1 2 0 0 0 0 0 0 2 2 0 2 0 0 1 0 0 0 2 0 2 0 0 2 2 2 0 2 2 2
 0 2 0 2 1 0 0 0 2 0 0 1 0 0 1 0 2 0 0 2 2 1 1 0 2 0 2 2 1 1 2 0 0 0 0 2 2
 2 2 2 2 2 2 1 2 2 2 1 0 0 0 0 2 2 1 0 2 1 1 2 0 0 2 0 2 0 1 2 1 2 2 1 2 0
 2 2 2 2 1 0 0 0 2 0 2 0 1 0 0 0 2 0 2 0 0 2 0 1 0 0 2]

========== Cluster 1 ==========

Labels: [0 0 0 0 0 2 0 2 2 0 0 1 0 2 0 0 0 2 0 2 0 0 0 1 2 0 0 1 2 1 0 0 2 2 2 0 0
 0 0 0 2 0 0 2 0 0 2 0 0 0 0 2 0 0 1 0 0 0 2 2 0 2 2 1 0 2 2 0 0 1 0 2 1 2
 2 2 2 2 2 2 0 0 0 1 0 0 1 0 0 1 1 0 2 2 0 2 0 2 0 0 1 2 0 1 1 2 2 2 0 2 1
 1 2 0 0 0 1 1 0 2 0 2 0 2 2 2 2 2 0 2 2 0 2 2 2 0 0 0 1 2 2 2 0 1 0 0 0 0
 2 0 0 2 1 0 2 0 2 0 0 2 0 2 0 2 0 0 1 0 0 0 2 0 2 0 1 2 0 2 2 0 1 0 2 2 0
 0 2 1 0 0 2 0 1 2 0 0 2 2 0 2 0 2 1 2 0 0 2 0 0 1 0 2 2 2 0 1 0 2 0 2 0 0
 1 0 0 0 0 0 0 2 0 0 0 2 1 0 0 1 1 0 0 2 0 0 1 0 0 2 1 2 2 1 0 2 2 0 0 0 0
 2 0 0 2 2 0 0 2 0 0 2 0 1 0 2 1 2 0 2 0 2 0 2 2 0 0 0 0 0 0 1 0 2 0 0 2 0
 0 2 2 2 0 0 1 0 0]

========== Cluster 2 ==========

Labels: [2 0 0 2 2 2 0 0 2 0 2 2 0 2 0 0 0 0 2 0 2 2 0 0 0 2 0 1 0 0 0 0 2 0 0 0 2
 2 0 0 0 0 0 2 2 2 2 1 2 2 0 2 0 1 2 0 0 2 0 0 0 2 2 1 0 0 2 1 2 0 0 2 2 2
 1 2 0 1 0 2 2 2 0 0 1 0 0 0 2 1 2 2 1 0 0 0 0 0 2 2 2 0 0 0 2 0 2 0 1 2 0
 0 2 0 2 1 2 2 1 1 2 0 0 1 2 0 0 2 0 0 0 2 1 0 0 2 2 2 0 1 2 0 0 0 0 0 0 0
 2 1 0 0 2 0 0 0 1 1 2 2 0 0 0 0 0 2 2 0 2 0 2 0 0 2 2 0 0 0 1 0 2 2 1 2 0
 0 0 0 2 2 0 0 1 0 2 0 2 1 2 1 0 2 1 0 0 2 1 0 2 0 2 0 2 0 2 0 2 0 1 0 2 0
 0 0 0 0 0 0 2 0 2 2 1 0 0 0 2 0 2 1 1 2 2 1 2 1 1 0 0 0 0 1 0 2 1 2 0 0 0
 2 0 1 1 1 0 2 2 2 0 0 2 0 2 0 2 2 1 1 2 1 1 2 1 0 2 1 0 2 0 2 1 0 0 0 0 0
 0 1 1 0 2 2 0 0 2 1 2 2 0 1 2 2 0 2 0 2 2 2]

========== Cluster 3 ==========

Labels: [1 1 1 0 1 2 0 1 0 1 0 1 1 1 2 2 0 0 2 1 1 1 0 1 2 0 1 0 1 1 2 1 1 0 0 0 0
 0 0 2 0 1 0 0 1 0 1 2 2 1 1 2 2 0 0 2 2 2 1 1 1 0 1 1 0 2 1 0 0 0 0 2 1 1
 1 1 1 2 2 1 2 2 1 1 2 2 0 2 0 1 2 2 0 2 1 1 2 2 1 0 1 2 0 0 1 1 1 1 2 0 0
 1 2 2 0 2 0 2 0 0 2 2 2 0 1 1 0 2 2 1 0 1 2 0 0 0 0 2 1 0 2 1 1 0 0 0 0 1
 0 1 1 2 1 1 0 2 2 1 1 2 1 0 1 0 1 1 1 1 1 1 1 0 2 2 0 0 1 0 1 2 1 1 0 1 0
 0 2 0 1 2 0 1 2 0 2 0 2 1 2 0 2 2 1 1 1 1 0 2 1 2 1 0 2 2 2 1 1 0 1 2 1 0
 0 0 2 1 1 2 1 1 0 1 0 0 1 2 0 1 1 0 1 1 0 0 0 1 2 2 0 1 0 0 0 2 1 1 2 1 1
 2 1 0 2 0 2 0 0 0 0 0 2 0 1 0 0 2 2 2 0 2 2 1 2 2 1 2 2 2 0 2 1 1 0 1 2 2
 0 0 1 2 2 2 2 0 2 2 1 1 2 1 2 1 0 1 0 0 2 1 1 0 0 2 1 1 2 2 2 1 2 1 1 2 2
 1 2 1 1 2 2 0 0 2 2 0 1 1 2 2 1 1 0 2 2 0 1 1 1 0 0 0 2 1 2 1 0 1 0 1 2 1
 0 1 1 2 2 0 0 0 0 2 1 0 2 1 2 1 2 1 1 1 2 1 2 0 1 0 1 0 1 0 0 2 1 0 1 2 0
 2 0 0 1 0 0 2 0 2 1 0 2 0 2 0 2 0 2 0 0 1 0 2 0 2 2 1 0 1 0 2 1 2 2 1 0 1
 2 1 1 0 2 2 0 1 2 0]

