============== Classifiers Parameters ==============
[{'n_estimators': 54, 'max_depth': 9, 'min_samples_split': 8, 'min_samples_leaf': 8, 'learning_rate': np.float64(0.13305537001532403)}, {'n_estimators': 400, 'max_depth': 2, 'min_samples_split': 4, 'min_samples_leaf': 6, 'learning_rate': np.float64(0.33848269562519473)}, {'n_estimators': 331, 'max_depth': 6, 'min_samples_split': 3, 'min_samples_leaf': 7, 'learning_rate': np.float64(0.931559418842437)}, {'n_estimators': 81, 'max_depth': 6, 'min_samples_split': 5, 'min_samples_leaf': 5, 'learning_rate': np.float64(0.3583001611710729)}, {'n_estimators': 178, 'max_depth': 1, 'min_samples_split': 10, 'min_samples_leaf': 7, 'learning_rate': np.float64(0.5506350314444968)}, {'n_estimators': 192, 'max_depth': 6, 'min_samples_split': 5, 'min_samples_leaf': 4, 'learning_rate': np.float64(0.5175518875498119)}, {'n_estimators': 139, 'max_depth': 3, 'min_samples_split': 6, 'min_samples_leaf': 9, 'learning_rate': np.float64(0.2375453599533031)}]

Optimal clusterer: kmeans

External clustering metrics:
adjusted_rand_score: 0.0
normalized_mutual_info_score: 0.0
v_measure_score: 0.0
fowlkes_mallows_score: 0.5946070503447396

Internal clustering metrics:
silhouette: -inf
davies_bouldin: inf
calinski_harabasz_score: -inf

Base classifier: gb
========== Cluster 0 ==========

Labels: [0 0 0 0 0 0 0 0 2 2 2 2 1 2 2 2 0 0 2 0 0 0 0 2 0 2 2 2 2 0 0 0 0 2 2 1 0
 2 2 2 0 2 0 2 0 1 2 0 2 0 1 2 1 1 2 2 0 2 2 2 1 2 0 0 0 0 2 0 0 2 0 1 1 2
 2 0 0 0 0 0 2 0 2 0 0 2 2 2 2 0 0 2 0 0 2 1 2 2 2 0 2 0 2 0 2 0 2 1 2 0 0
 0 2 1 2 0 2 0 2 2 0 0 2 1 2 0 1 0 0 0 0 2 1 0 2 2 0 0 2 0 0 0 0 2 0 1 1 2
 2 0 2 0 2 0 2 1 1 1 1 2 2 1 0 0 1 1 0 0 2 2 2 2 2 0 2]

========== Cluster 1 ==========

Labels: [0 1 1 1 0 1 1 0 2 1 0 0 0 2 1 1 1 2 2 2 1 2 0 1 2 0 1 2 2 1 2 1 1 2 1 2 2
 0 2 0 2 0 2 2 2 0 1 1 2 2 0 1 2 0 0 0 2 2 1 1 0 0 0 0 1 2 1 1 0 1 1 0 1 1
 1 1 1 0 1 0 2 1 0 0 2 0 1 0 1 2 0 2 0 2 1 2 0 2 1 1 1 1 0 2 2 0 2 1 1 0 1
 0 0 1 1 0 0 0 1 2 0 1 0 1 0 0 1 2 0 1 0 0 0 2 1 2 1 1 0 2 0 0 0 0 0 2 0 0
 2 2 2 0 2 1 2 1 2 2 2 2 1 2 0 1 2 2 0 2 2 1 1 2 1 0 1 0 2 1 1 0 1 2 2 2 1
 2 1 1 2 1 2 2 2 2 0 0 1 0 1 1 1 1 2 0 2 2 0 1 1 0 0 0 0 2 0 2 1 0 2 2 2 1
 1 0 1 1 1 1 1 2 0 2 0 1 1 2 2 1 1 0 2 2 0 1 0 0 0 2 1 2 1 1 2 1 0 1 2 2 0
 0 2 1 0 2 2 2 1 1 1 2 1 2 0 1 0 1 0 1 0 0 2 1 0 2 0 2 1 0 0 2 2 1 2 2 0 2
 0 0 0 2 0 0 1 0 2 2 1 0 1 2 1 1 0 2 2 0 1 0]

========== Cluster 2 ==========

Labels: [0 0 2 1 1 0 2 1 0 1 2 1 1 0 0 0 2 2 2 2 0 2 2 0 0 1 1 2 2 2 2 1 2 0 2 2 0
 0 1 0 1 0 2 0 2 2 0 0 2 0 0 0 2 0 0 1 2 0 0 0 0 2 2 0 0 2 0 0 2 2 2 0 2 0
 2 0 2 1 0 0 2 2 0 0 0 0 0 0 1 0 2 0 2 1 0 2 0 2 1 2 0 0 0 0 0 2 2 0 2 0 2
 1 2 2 0 1 2 0 2 2 1 2 1 2 2 2 1 0 0 0 2 0 2 1 0 0 1 2 1 2 0 2 1 0 2 1 2 2
 1 0 2 0 0 0 2 0 2 0 0 2 0 1 0 0 2]

========== Cluster 3 ==========

Labels: [0 0 0 0 0 0 0 0 2 0 0 2 1 0 0 0 1 2 2 2 2 2 1 1 0 0 1 0 2 2 0 2 2 2 0 1 0
 0 0 0 1 2 2 0 2 2 2 2 0 1 2 0 0 0 0 0 0 0 2 2 0 2 0 0 0 2 2 2 0 2 0 2 0 1
 2 2 0 2 2 0 1 2 0 0 2 0 1 0 0 2 1 0 0 0 0 1 0 0 1 0 0 0 0 1 1 0 2 2 0 1 2
 2 2 0 2 2 0 0 2 2 1 0 0 2 0 2 0 1 1 2 0 0 2 0 1 0 0 2 2 1 2 1 0]

========== Cluster 4 ==========

Labels: [0 1 0 0 0 0 0 1 2 1 0 1 0 1 0 2 2 1 2 1 0 0 2 1 1 1 0 1 0 0 1 2 1 2 0 1 0
 0 0 1 0 0 2 1 0 1 0 0 1 0 0 2 1 2 1 0 0 1 2 1 2 2 0 0 2 1 2 1 2 2 0 0 2 1
 2 0 0 0 2 0 2 1 1 0 0 2 2 1 0 2 0 2 1 0 0 2 1 1 0 0 0 1 2 0 0 1 0 0 0 1 2
 2 1 2 2 2 0 0 0 1 2 0 0 0 2 1 0 2 2 1 0 0 1 0 2 1 2 2 2 0 0 0 2 0 1 1 1 0
 1 1 1 0 2 2 0 2 2 0 2 2 2 1 1 0 2 0 2 1 1 0 0 0 1 2 0 0 2 2 0 2 0 2 1 2 2
 2 2 0 0 0 0 0 0 2 2 0 2 0 1 0 1 2 2 0 1 2 0]

========== Cluster 5 ==========

Labels: [0 0 0 0 0 0 0 0 2 0 0 0 0 2 2 0 2 0 2 2 2 0 2 2 0 0 2 0 2 0 0 0 2 1 0 0 0
 0 0 1 0 0 2 2 0 2 1 2 2 0 1 0 0 0 0 0 0 0 0 0 2 0 0 2 0 0 1 0 2 0 1 0 0 0
 2 2 0 2 2 0 0 0 2 0 1 0 1 0 0 0 0 0 2 2 0 1 0 2 2 1 0 1 0 1 0 0 0 2 2 0 0
 0 0 0 2 0 2 2 0 0 0 2 0 2 1 0 1 0 1 0 0 0 2 0 0 0 0 0 0 2 2 2 0 0 0 2 0 0
 0 2 2 0 0 0 0 1 1 0 2 0 2 2 0 1 2 2 0 0 2 0 2 2 2 0 0 0 0 2 0 0 0 0 0 0 0
 0 2 2 2 1 0 0 2 2]

========== Cluster 6 ==========

Labels: [0 0 1 1 2 1 2 2 2 2 1 1 0 1 0 0 2 2 0 1 1 1 0 1 1 2 2 2 1 0 1 1 1 0 2 2 0
 2 2 0 2 1 2 2 2 2 2 0 1 0 0 0 1 2 1 2 1 0 0 2 1 0 0 2 2 2 1 2 1 2 0 1 0 0
 1 2 0 0 2 1 1 2 2 2 0 2 1 2 2 0 2 2 0 1 1 1 2 1 1 2 2 1 1 0 0 1 0 0 0 1 1
 2 1 0 0 0 0 0 2 1 0 0 2]

