============== Classifiers Parameters ==============
[{'n_estimators': 280, 'max_depth': 1, 'min_samples_split': 6, 'min_samples_leaf': 4, 'learning_rate': np.float64(0.8669299314179395)}, {'n_estimators': 120, 'max_depth': 1, 'min_samples_split': 3, 'min_samples_leaf': 8, 'learning_rate': np.float64(0.77508620786253)}, {'n_estimators': 254, 'max_depth': 4, 'min_samples_split': 3, 'min_samples_leaf': 10, 'learning_rate': np.float64(0.733116458914659)}, {'n_estimators': 175, 'max_depth': 9, 'min_samples_split': 6, 'min_samples_leaf': 5, 'learning_rate': np.float64(0.3717666299237612)}, {'n_estimators': 374, 'max_depth': 3, 'min_samples_split': 8, 'min_samples_leaf': 2, 'learning_rate': np.float64(0.9618876369472356)}, {'n_estimators': 28, 'max_depth': 2, 'min_samples_split': 6, 'min_samples_leaf': 5, 'learning_rate': np.float64(0.7546063736719225)}, {'n_estimators': 100, 'max_depth': 2, 'min_samples_split': 10, 'min_samples_leaf': 7, 'learning_rate': np.float64(0.4297984298416638)}]

Optimal clusterer: kmeans

External clustering metrics:
adjusted_rand_score: 0.0
normalized_mutual_info_score: 0.0
v_measure_score: 0.0
fowlkes_mallows_score: 0.5945044645268518

Internal clustering metrics:
silhouette: -inf
davies_bouldin: inf
calinski_harabasz_score: -inf

Base classifier: gb
========== Cluster 0 ==========

Labels: [0 0 2 2 1 0 2 2 0 2 2 0 0 2 0 0 2 0 0 2 0 0 0 1 0 0 2 0 0 2 2 2 0 0 2 0 1
 2 1 0 2 0 0 1 0 2 1 2 2 1 0 2 1 1 2 0 0 0 2 0 2 0 0 2 0 0 1 1 2 0 2 0 0 0
 0 0 2 0 0 2 0 2 0 0 0 0 0 1 2 0 2 1 0 0 0 0 2 0 2 0 0 1 0 0 2 2 1 1 0 2 0
 0 2 2 2 1 2 2 0 0 0 0 0 0 0 0 2 2 0 2 0 2 2 2 1 0 0 0 2 0 2 0 0 2 2 2 0 2
 0 0 2 0 0 0 2 0 0 0 0 2 2 0 0 2 2 2 2 0 0 2 0 2 1 0 0 1 2 2 0 0 0 0 2 2 2
 2 0 2 0]

========== Cluster 1 ==========

Labels: [2 2 0 0 2 2 0 0 2 0 0 0 2 0 0 0 1 2 2 2 2 2 2 2 2 0 1 2 2 0 2 1 2 2 2 2 0
 2 1 2 2 2 0 0 2 0 2 2 0 2 0 1 1 2 0 0 2 0 0 2 0 2 2 2 1 0 2 0 2 0 2 1 0 1
 2 0 0 0 0 1 2 1 0 1 0 2 1 0 1 0 1 2 2 1 0 0 0 0 0 2 1 2 0 0 2 0 0 2 1 0 1
 2 2 2 2 0 0 1 1 1 1 1 0 2 1 2 1 1 2 0 1 2 0 1]

========== Cluster 2 ==========

Labels: [1 1 1 0 0 2 1 1 0 1 2 1 0 1 2 1 0 0 1 1 2 0 0 2 2 1 2 0 2 0 0 1 2 1 1 1 2
 1 1 2 1 2 2 1 2 2 2 2 0 2 1 1 2 1 1 2 0 1 1 2 0 1 1 0 1 1 1 1 0 2 2 2 0 2
 0 1 2 0 0 2 2 0 2 0 0 0 2 2 2 2 0 0 2 1 0 1 2 1 0 0 2 1 0 2 2 2 0 2 2 2 2
 0 1 2 1 2 2 0 0 1 0 0 0 1 2 2 0 2 2 2 1 1 2 1 1 2 2 2 2 2 2 2 2 2 2 0 2 0
 2 0 1 0 2 2 2 0 0 1 2 1 0 1 0 1 0 1 2 0 2 1 1 1 1 1 1 2 2 2 2 1 1 0 2 0 2
 1 0 0 1 2 2 0 1 0 2 0 0 1 2 1 1 1 1 0 1 0 2 2 2 2 1 2 0 0 2 0 0 1 2 2 2 0
 1 2 0 1 2]

========== Cluster 3 ==========

Labels: [0 0 0 0 0 0 2 0 2 0 1 0 0 0 2 0 0 0 2 0 2 2 2 0 0 0 2 2 1 0 0 0 0 2 0 0 0
 0 0 1 0 2 2 0 2 2 2 2 0 2 0 2 0 2 0 2 0 0 2 1 2 0 0 0 0 1 2 0 0 0 0 2 0 0
 0 1 1 2 2 0 0 2 0 2 0 2 0 1 1 2 0 0 1 2 0 0 2 2 2 0 0 0 0 0 0 2 2 1 0 0 2
 2]

========== Cluster 4 ==========

Labels: [0 0 2 2 0 0 0 2 0 0 0 2 0 1 0 2 2 0 0 0 0 2 0 0 2 0 0 0 0 0 0 2 0 2 0 2 0
 2 2 1 0 0 0 0 0 2 2 2 0 1 0 0 0 0 2 0 0 2 1 0 2 0 0 0 2 0 0 0 2 0 2 0 2 0
 1 0 2 0 1 2 0 2 0 0 0 0 0 2 0 0 2 0 1 0 0 0 0 0 2 2 1 0 0 0 2 0 0 2 1 1 0
 2 2 0 0 0 0 2 0 2 2 0 0 0 0 0 0 2 1 2 2 0 0 2 2 0 0 2 1 2 0 2 0 2 0 0 0 0
 0 0 0 0 2 2 2 0 0]

========== Cluster 5 ==========

Labels: [0 0 2 2 0 0 0 2 0 1 0 2 1 2 0 0 0 2 2 1 0 2 0 2 2 0 2 0 2 1 0 2 1 0 1 0 0
 0 2 2 1 0 2 2 0 0 0 1 2 1 2 1 0 2 1 2 2 0 2 2 1 0 2 2 1 0 0 2 2 2 0 0 2 0
 1 0 1 2 0 0 0 0 0 0 1 2 0 0 0 0 0 0 0 0 2 0 0 1 2 2 0 0 1 1 0 2 2 0 2 2 0
 2 1 2 0 2 0 0 1 0 0 0 1 0 2 0 1 0 2 1 2 0 2 0 0 2 0 0 0 2 1 0 0 0 0 1 2 2
 2 0 1 2 1 0 1 2 2 2 2 2 2 2 1 2 2 2 2 1 0 0 1 0 2 0 0 0 2 1 0 0 1 2 1 0 0
 2 1 2 1 0 0 0 2 2 0 0 0 2 0 0 0 2 0 0 0 0 1 0 2]

========== Cluster 6 ==========

Labels: [1 1 0 2 0 1 0 1 1 1 2 1 1 0 2 1 1 0 0 0 0 2 0 1 0 1 1 1 1 1 0 2 2 1 1 1 1
 0 0 2 1 0 0 0 2 1 1 1 2 1 0 0 1 2 1 0 1 2 2 2 0 1 1 1 0 1 1 1 1 2 0 1 0 1
 2 1 0 1 0 2 0 1 0 0 2 0 2 1 2 0 2 2 1 1 1 1 2 1 1 0 2 1 1 0 1 1 0 0 2 1 1
 0 0 1 0 1 2 1 0 1 1 0 1 2 0 1 0 0 2 1 2 2 1 1 2 1 0 2 0 0 0 0 0 0 0 0 2 2
 2 0 2 1 2 2 2 0 2 1 0 1 2 2 2 0 2 1 1 2 1 0 0 0 1 1 0 1 2 2 2 1 2 1 1 1 0
 2 2 2 1 0 0 1 1 1 1 1 1 1 2 0 1 0 0 2 2 2 0 2 2 1 1 0 1 1 1 1 0 2 2 0 0 0
 1 2 2 1 1 0 2 2 1 1 0 0 0 1 2 1 1 1 0 1 2 0 0 2 1 0 2 2 2 1 1 2 1 2 1 0 0
 1 0 2 0 2 0 0 1 0 2 0 2 0 1 2 2 0 2 0 1 0 0 2 1 1 2 2 1 0 1 2 1 1 0 2 2 0
 0]

