Accuracy: 0.9824561403508771
Recall: 0.9545454545454546
Precision: 1.0
F1: 0.9767441860465116

AUC: 0.9986772486772487

